-0.0925972699599 -0.993804526919 -0.0614679418174
0.781599630011 -0.621865395606 0.0488410494825
-0.677728441884 0.717511283438 -0.16081578654
-0.308542444277 -0.465980694217 -0.829254817711
0.337361248285 -0.380967617899 0.860843227463
0.247322131957 0.959233593354 -0.13675772894
0.412413661711 0.561626536419 0.717280004757
-0.532942153513 0.41780003373 0.735809617241
-0.0988521902154 0.465817723944 -0.879341851926
0.601858777324 -0.177297298575 -0.778673025137
-0.576389046156 -0.530746172186 0.621356715729
0.948033054369 0.316118522362 -0.0360888853122
-0.962900712268 -0.195036870601 -0.186501574846
