0.752332177625 0.608974737517 -0.251288805113
0.242738683504 -0.297824997623 -0.923243306134
-0.901298649807 -0.3110420874 0.301518761808
0.911404108111 -0.330924951561 -0.244604227587
-0.598684336858 -0.567414038733 -0.565348010919
-0.288357215203 0.956002243485 0.0539428113063
-0.0309187685328 0.606244855474 -0.794676792768
0.40549408026 0.657189110594 0.635355824551
0.194531841833 -0.958306542464 -0.209298669806
0.689509634634 -0.251755559504 0.679113835823
-0.347226496403 0.149434522265 0.925798619437
-0.129162786775 -0.739794700228 0.660318692774
-0.854106904407 0.33553116373 -0.397391789057
