0.870395940642 -0.20081443409 -0.449538062432
-0.98227929498 -0.113729895946 -0.148972807658
0.247235543032 -0.910082314997 -0.332603015907
0.875195005199 0.370322900376 0.311279058613
0.253523758999 0.0681122978889 0.964928193442
-0.237083703576 0.783535044753 0.57433801123
0.713716226835 -0.560960475685 0.419443073935
-0.191582606855 -0.839456725493 0.508535653397
0.300362952193 0.933425347944 -0.196212172829
-0.664745835438 -0.048860607848 0.745470063295
-0.384767892576 -0.402524152289 -0.830619031606
0.227810414061 0.319890763424 -0.919658803427
-0.557349769386 0.659960627521 -0.503798774004
