-0.256249342531 0.30527853279 -0.917137553407
0.00665128171025 0.960959814239 -0.276608018446
0.840956671778 0.529229714648 -0.112728813202
0.601028317132 -0.0936649863986 -0.793720248153
-0.833702226942 0.518876860376 -0.188964019216
-0.0681402198655 -0.419691880046 0.905105317772
0.705057912511 -0.705695871558 -0.0699047700195
-0.917100213609 -0.360743319354 0.169680451849
-0.599251943603 0.350315597401 0.719844490362
0.263503758208 0.74282806384 0.615444747302
-0.186570245914 -0.972786294691 0.137398574232
0.772865275906 -0.0631548167988 0.631419618331
-0.185422759002 -0.631388922023 -0.752971732265
