0.400210848253 -0.56995178053 -0.717625420962
-0.369090215387 0.884053564486 -0.286743278954
-0.698258966362 -0.700035462305 0.149615398306
0.57373723418 0.0765213787269 0.815456966806
-0.3043403721 -0.281711667268 0.909953556197
0.34404248546 0.873117856378 0.345398287593
0.0404311460239 0.328230755253 -0.943731897171
0.925175692216 -0.37571880584 0.0537151512234
-0.537603549419 -0.401940972079 -0.741232675086
-0.978122082187 0.170363811329 -0.119387453814
-0.528757412681 0.593501614906 0.606771317416
0.202503373378 -0.898517499596 0.389433802705
0.799797217704 0.461758590086 -0.383540630226
