-0.00708578061087 0.967650441366 0.252195192337
-0.346455897957 -0.171566321636 -0.922243627276
-0.661400753236 -0.321932407207 0.677427906724
0.202605119658 -0.931199486083 -0.303015977479
-0.70758281014 -0.676863772808 -0.202933486284
0.776303174807 0.453704461097 0.43761357699
-0.0144696966305 0.319739840305 0.94739488198
0.563041701765 0.687599732895 -0.458465537849
-0.974770060638 0.2200264543 -0.037572440584
0.201433297326 -0.72003284515 0.664061238617
0.59233027693 -0.206666800122 -0.778738516294
0.901142175842 -0.423315281249 0.093525138762
-0.378266757605 0.716690671571 -0.585891407493
