-0.704140602666 0.696888531162 0.136133709317
-0.647949227062 0.270946367868 -0.711863656109
0.0801053687196 0.736257514885 0.67194345125
-0.705778861259 -0.610215626157 -0.359879269471
-0.0647263282969 -0.148966913564 0.986721521549
0.784668661951 0.618297402499 0.0447595019615
0.903442286572 -0.233974199212 -0.359232666857
0.795641057863 -0.165358337204 0.582762324932
-0.217490185088 -0.886993903283 0.407357134378
0.0197116663815 0.893956144112 -0.447720741773
0.204101400621 -0.872197553984 -0.444538013098
0.259258952685 0.128027964684 -0.957284511371
-0.863424580481 -0.178036684188 0.472017937057
