0.807315823078 0.4565511487 0.373901337827
0.910298907982 -0.413948794355 -0.00151452250355
0.168719515436 -0.945372904131 -0.278933320428
-0.184386133914 0.393240445359 0.900757295698
-0.89549504141 -0.0468991773072 0.442593603635
-0.416904667479 0.0520866057055 -0.907456601574
0.0348792483383 0.982363174903 0.183700927132
-0.726278676888 -0.617157375136 -0.302714482332
-0.75053813544 0.622994656977 -0.220386398464
-0.303455433859 -0.788746336345 0.534597060004
0.487475750825 -0.242359817002 -0.838826031701
0.461965871089 -0.304574229503 0.832959826565
0.271566114215 0.673967537683 -0.687036828533
