-0.801734850742 0.174307948381 -0.571697444665
0.121361879968 0.930943605056 -0.344405717572
0.840182990388 0.316175090752 -0.44059715688
0.619947310935 -0.606962544869 -0.497254261712
-0.649642620026 0.739162870339 0.177771531349
-0.378995020756 -0.907465186464 0.181300054049
0.163771068604 -0.502760806856 0.848770056127
0.91406845354 -0.238216624097 0.328225078639
0.0586461527641 0.22089866241 -0.973531925368
-0.303669147911 -0.621407349178 -0.722245079592
-0.147367212943 0.39370935999 0.907345493407
-0.893356964421 -0.145925680793 0.424992976183
0.622132420354 0.662147908064 0.417745615644
