-0.9903415695 0.046130026724 0.13075012946
0.456973556155 -0.0272385702033 0.889063118832
0.939066728636 -0.320651465742 0.123839883259
-0.607492257509 -0.782909292137 -0.134187172828
-0.270856957306 -0.335067143826 -0.902422582722
-0.610513216231 0.50386759504 -0.611057329124
-0.426729364247 0.320962139743 0.845508932266
0.738799038723 0.623531569426 0.255703661123
0.319586646942 -0.894119842588 -0.313710188211
0.0155769586083 -0.81199605494 0.583455024078
-0.264906450838 0.952061994385 0.152978858514
0.64318723251 -0.117482764363 -0.756642573487
0.306293894604 0.754124730227 -0.58093023797
