0.115495076454 -0.861815858718 -0.493897067189
-0.259333734243 -0.119765450286 -0.958333058598
0.222499155673 0.961403056111 -0.161858856493
-0.609362265594 0.62807635934 -0.483939785622
-0.447516786872 -0.851249371168 0.27404969176
0.835941223471 0.251937883145 0.48757519824
-0.924290483183 -0.24924267334 -0.289076447474
0.0228582869264 0.685716362937 0.727509840703
-0.824692759716 0.387535102366 0.411944652236
0.441500891457 -0.68925955982 0.574454717135
-0.282871903225 -0.190762234454 0.939996412904
0.894805916157 -0.394323785145 -0.209358842371
0.568369221913 0.308577991941 -0.762716231945
