-0.742620411152 0.666043470562 0.0700072872097
0.149549311024 0.988738883464 0.00551578627845
-0.274173586498 0.596191895451 -0.754575422516
0.87297481341 -0.441922573675 0.206444699687
0.432997527083 -0.0224300904304 -0.901115992857
0.435575999824 0.48399480764 0.758961510588
-0.441484480364 -0.38483528099 -0.810551207576
-0.967114009494 -0.252660959332 -0.0292050042079
-0.337815873843 -0.905162213232 0.257995742438
-0.606812139326 0.0627110138044 0.792367563896
0.88631969924 0.421126981821 -0.192586229832
0.304324231571 -0.844473367901 -0.440739711149
0.201901430667 -0.42978150864 0.880070262607
