-0.262759882314 -0.925261791085 0.273583373408
0.13486501608 0.347099362463 0.928080524532
-0.647361398965 -0.561186806965 -0.515744691508
-0.454158621678 0.357289809451 -0.816139656197
0.472663875171 -0.515404770646 0.714805416532
-0.98039749308 0.192520931459 -0.0419099810678
0.999825268761 0.0173004420924 -0.00708001774268
0.560986614249 -0.80673763197 -0.185656704152
-0.406122740593 0.851678467988 0.331222141075
0.535638035109 0.818764783975 0.206678793948
-0.628947997308 -0.191094496591 0.753596251354
0.182858084292 -0.340149618906 -0.922421355871
0.471769079816 0.537418425186 -0.699010280039
