0.755898592002 -0.642421284327 -0.126143616775
-0.12879201993 -0.201925045264 0.970895922176
-0.732688958858 0.678810230326 -0.0488217243906
0.0492109283692 0.810535091233 -0.583619011349
0.660800577786 0.735847041024 0.147890934859
-0.900926370817 -0.143587073582 0.409529518675
-0.574224694998 0.121359010449 -0.80965300607
-0.126601126676 0.712389725375 0.690270261495
0.761151870625 -0.0755567047896 0.644157600441
0.140535441954 -0.513043515912 -0.846779865334
0.763971090217 0.176132597648 -0.620745907243
-0.637590984818 -0.699458054266 -0.322856262756
-0.0131733849801 -0.931533505229 0.363416827575
