0.36441560861 -0.931226451021 0.00430826185619
-0.493012371379 0.506224633696 -0.707584215417
0.307646386224 -0.461377914574 0.832156308025
0.0571327106352 -0.226258019689 -0.972390436965
0.349278879274 0.91092019628 0.219610246806
0.45655507523 0.585181377578 -0.670164322102
-0.994277379329 -0.0330486453422 -0.101588778885
-0.480951305235 -0.775719055693 -0.408590000645
-0.594854997628 0.778390763853 0.200637360794
-0.0756011058492 0.408347656439 0.909690422218
0.89923437579 0.155275034328 0.408983130595
-0.58170014247 -0.619808868484 0.526746533732
0.855567793711 -0.25290030599 -0.451713610151
