0.784726283887 -0.47394783974 -0.399472282621
0.366277390312 0.216552919911 -0.904956190224
-0.259523009469 -0.49746289092 -0.827755084378
0.0547984138518 -0.99537054547 -0.0789595532533
-0.0977529604047 0.934818410691 0.341407231564
-0.156601172476 -0.233101362156 0.959760297022
-0.341436563207 0.753751371428 -0.561497946012
-0.730489100052 -0.61294292759 0.301142229225
-0.923464084786 0.0210679109786 -0.383106026104
0.888768891585 0.436622666896 -0.139465064094
0.551063068231 0.368600154037 0.748641049687
0.633570786533 -0.556588417672 0.537398726986
-0.798075384901 0.312862155005 0.514968884477
