-0.756411195392 0.584037287674 -0.294520882269
0.827711977715 0.522305351434 0.205158479741
-0.718920487382 -0.688126731351 -0.0981577017966
0.18073654853 -0.947663007344 -0.263190281996
0.0128122805193 0.996509255245 0.0824933311141
-0.258266478345 -0.630916574789 0.731602830654
-0.874686508822 0.0486585582983 0.482240454535
-0.120634003994 0.479527881 0.869195287852
-0.506397042257 -0.146098482633 -0.849833671353
0.43801427724 -0.25526692526 -0.861964204479
0.570342417663 -0.170258452505 0.803568034434
0.920121281144 -0.387989389415 -0.0533016105512
0.0609013597379 0.61427579045 -0.786737743883
