0.555441207932 -0.589052251235 0.586943361702
0.103421772381 -0.682125201358 -0.723884760628
0.872831352258 0.338688272358 0.35136261139
-0.186798628172 -0.97328231232 0.133520833725
-0.176402792774 0.909853305585 -0.375564930495
-0.0473072328667 0.0203055452406 0.998673976106
-0.286145262038 0.156535378457 -0.945313474095
-0.784006873808 -0.341372011742 0.518457685275
0.0861681268411 0.840027692008 0.535657101676
-0.773729672582 -0.471206973059 -0.423445843417
0.587639910986 0.434368602125 -0.682644308923
0.88482407185 -0.37345320656 -0.27860198202
-0.915076819521 0.398031208445 -0.0648503776264
