0.494657693441 0.865396466092 -0.0800170156606
0.289629772134 0.541056255866 0.789539563975
-0.401726189365 0.884993540512 0.235377360913
-0.478967340678 -0.50924808226 -0.7150221516
0.693174138856 -0.308329776069 0.651492411629
-0.083553900052 -0.842832467737 0.53165042755
-0.452640684161 -0.0439058957544 0.890611409853
0.982553930419 0.0555696034902 -0.177481810294
0.410800059514 -0.221220788335 -0.884479888924
-0.869489567506 0.324039755097 -0.372808434876
-0.870046985362 -0.469487581983 0.150331811756
-0.065299958075 0.5969983387 -0.799580451902
0.576103155094 -0.803220917273 -0.15146389915
