-0.646745156662 -0.673880266343 0.357219944806
-0.0254787439047 -0.951156464484 -0.307655998932
-0.6864563844 0.682592849248 0.250688321372
-0.276730034303 -0.269940017202 -0.922254235679
0.582537926126 0.120626121167 -0.803802776505
-0.954986540986 -0.050909482728 -0.292248064329
0.170707757572 0.731311797108 0.660334700675
0.801299788186 0.0218294314676 0.597864638004
0.273856918213 -0.769547853434 0.576886894999
-0.238423456899 -0.0702412184271 0.968617791719
0.418035206942 0.874195750551 -0.247039178016
-0.40592711093 0.634606873474 -0.657645266653
0.822509565308 -0.543773313606 -0.166699125332
