-0.738900774191 -0.0945700192238 0.667144779913
0.047593051143 -0.996472851171 -0.0691140966987
-0.114156927845 0.615662319139 0.77969744428
0.124941081765 0.990167943465 -0.0629060396301
-0.657138750709 0.162420423183 -0.736062679702
-0.754686259135 0.651740099286 0.0753889465025
0.861417238515 -0.507795881412 0.0101825345463
0.363451175931 -0.475299920239 -0.801244799381
0.889243178856 0.42952036685 -0.157349367078
-0.803118429015 -0.576027552785 -0.15229263741
0.68915555429 0.107619128717 0.716577103406
0.237827615165 0.467628064398 -0.851329559484
0.0574619733747 -0.600790158228 0.797338891182
