-0.751688438839 -0.350853274547 0.558450061022
-0.199538042013 -0.975021880991 0.0975546071649
-0.958500107445 0.206669418733 -0.196380486274
-0.5458474472 -0.514983247596 -0.660940858989
-0.30925180518 0.383395651051 -0.870270702568
0.386422599874 -0.699759283502 -0.60084483809
-0.564461580884 0.58248936258 0.584883976688
0.962803391749 -0.269214376395 0.0230921713608
-0.115971110761 0.981150205776 -0.154579996038
0.391424482166 -0.56824756475 0.723796642654
0.749720849405 0.657491289725 0.0749923456331
0.317744056356 0.369360078701 0.873276500836
0.620163378871 0.210323160414 -0.755752308433
