0.41498996909 -0.46189992969 0.783856989832
-0.140436081444 0.482223846677 -0.864718375383
0.557921749478 -0.825539158456 -0.0849024105346
0.666771502848 0.438713463031 0.602450213998
-0.880681968824 0.387311100902 -0.272744167501
-0.199858787519 0.246868890445 0.948215279344
-0.304156714744 0.912207351754 0.274529488912
-0.551029705357 -0.369397645084 -0.748272439437
0.490580167191 0.836213318833 -0.245108924696
0.980772694477 0.0210405347137 -0.194016024253
-0.861277065084 -0.228202800386 0.454010241136
-0.385003959544 -0.922870731586 0.00903127442763
0.392100921917 -0.307589493436 -0.866974953825
