0.854510819894 0.519308087658 0.0114179147159
-0.152441501554 -0.981472437616 0.116075160149
-0.786962069073 -0.060560521614 -0.614022088416
0.0790081655998 0.495177974179 0.865191587833
-0.879656938982 -0.387779553708 0.275373723198
0.0325695370542 0.997797672067 0.0577843479933
-0.154067579188 -0.427706105282 0.890691118485
-0.0471823230901 -0.640316445214 -0.766660732252
-0.749709582315 0.551117954766 0.366339381065
0.636219158624 0.0227307577602 -0.771173453155
0.715693173191 -0.684526080452 -0.138590501222
0.73222506803 -0.166719423045 0.660341641674
-0.122468193025 0.597741716467 -0.7922792324
