-0.141582329274 -0.655854802063 0.741491013194
-0.866160929842 -0.0887425482742 0.491823142746
0.0681599732513 -0.989609481133 -0.126598945088
0.68778235893 -0.175315240982 0.704428841704
-0.115464537655 0.272941935022 0.955076248606
0.212559552319 -0.423980791163 -0.880374196261
0.864014785271 -0.467985495731 -0.185655666812
-0.759225328387 -0.561421926415 -0.329214703919
-0.726892528901 0.685116783593 -0.047352341735
-0.504632053659 0.202838495861 -0.839168061247
0.23824961876 0.755064308084 -0.61083140867
0.11635263509 0.94154047721 0.316170197968
0.886631325062 0.461870359037 0.0236783627366
