0.711840736291 0.295708682003 -0.637055053778
-0.556643889807 0.737136220992 -0.383115872345
-0.833604002697 -0.136933720968 -0.535120101238
0.0737278927249 -0.994172564775 0.0786454657449
0.522434515706 0.851301216357 0.0484604563288
-0.276198108492 0.839117383751 0.468611375398
0.980185577696 0.0549627546209 0.190303255048
0.495559531562 -0.503491116852 0.707755216109
-0.928953434873 0.246286254296 0.276384870754
-0.371990987962 -0.037389198962 0.927483020155
-0.129261800431 -0.664070778852 -0.736411153924
0.424169757329 0.389444815214 0.817565136775
-0.122101480946 0.207478748997 -0.970589407044
0.714431001926 -0.574809241544 -0.398977041096
-0.743146546278 -0.634544496435 0.212335801973
