-0.0755324941169 0.0748857739099 0.99432739236
-0.560596325465 0.754983465663 -0.340193660215
0.688570648489 -0.279091077288 0.66931205922
0.833552781606 -0.519230576846 -0.188651446709
-0.981153623046 -0.0296461066539 -0.190941552166
-0.43051505067 0.0594371955051 -0.900624234038
0.113363969097 0.832775684575 0.541879386664
-0.536530101834 -0.81465880419 -0.220151044926
0.629680541517 0.146723099651 -0.762872694271
0.332977362092 0.882462974969 -0.332242643474
0.937822242255 0.341363607123 0.0629311501833
0.151110936812 -0.618582337563 -0.771052123032
-0.716849900513 0.480356403668 0.505355266709
-0.703052003015 -0.419566469358 0.574179291552
0.0586609935433 -0.888860089143 0.454407999231
