0.0153195786604 0.09282308058 -0.995564757422
-0.777829527844 -0.113680896827 -0.618108307103
-0.12551982828 -0.735290558792 -0.666027452032
0.858383415257 -0.185861292145 0.478156347332
-0.53589682455 -0.833885051766 0.132099636178
0.560931088631 -0.823275991185 -0.0870227334985
0.459399139229 0.719073331348 -0.521426864498
0.636190104134 0.681017648518 0.36259773001
0.147906843029 -0.693887095529 0.704729923051
-0.442839601469 0.719968018974 -0.534358623982
0.191514878654 0.177760964809 0.965258043553
0.796219793192 -0.11488580223 -0.593999405197
-0.243902099875 0.8462577155 0.473666174255
-0.604485732778 -0.200216668809 0.771044930208
-0.923773635999 0.357388265169 0.137535076808
