0.03882521151 -0.738450981024 -0.673188496319
0.173736235634 0.874064139146 -0.45368226887
0.797785043839 -0.562323791094 -0.217556838083
0.681205995691 -0.328991048248 0.654005566954
0.882943498867 0.328456877169 -0.335450231255
-0.174610760337 0.909097157084 0.378224062371
0.275994368231 0.0847167470688 -0.957418498605
-0.592012212325 -0.105321994302 -0.799017407804
0.109079494595 -0.974702720099 0.195080166318
-0.46947085863 -0.517405210947 0.715464157441
-0.0481817150328 0.239222667886 0.969768548421
-0.817223339671 0.287064910471 0.499739682509
-0.689995373386 0.651026394285 -0.316340036432
0.651409009704 0.567577319259 0.503509968858
-0.687706293508 -0.712698670151 -0.138277472618
