0.898259608316 0.221622367434 -0.379490714407
-0.923885700586 -0.225069881188 -0.309481438594
0.884962470151 -0.169981268595 0.433529462378
0.157627021447 -0.51050905284 0.845301265277
-0.630460686227 0.611620588589 -0.477953531984
0.0201977162495 0.37785470606 0.925644571834
-0.230688189943 0.936820603935 0.262964094628
-0.611205548382 -0.680460768518 0.404228796766
-0.291373412751 -0.859198987609 -0.420569416427
0.244402300285 0.832469649995 -0.497254258356
0.458339256239 -0.885058251483 0.0812220270147
-0.302912250892 -0.084901838795 -0.949229079848
0.634318190004 0.692382278252 0.343870927229
0.472401842009 -0.492171503978 -0.731165993697
-0.848053537724 0.296063620711 0.439490079121
