0.508807801852 0.679710505266 0.528306965509
0.163157567862 -0.82393245386 -0.542692288066
-0.68022079737 -0.395087880017 0.61741820016
-0.363456477418 -0.190789241881 -0.911865589989
-0.323686422604 0.91119330793 0.254860462618
0.781796317596 -0.618202905273 0.0813614509776
0.353924675397 0.871325406275 -0.339896102545
0.962770752731 0.243162411857 -0.118086913525
0.402414223725 -0.337966429159 0.850788743053
-0.215835557271 0.315390776255 0.92409072632
0.471204091598 0.149819493093 -0.869207008457
-0.482325992165 0.644985067474 -0.592752815276
-0.988075279146 0.150574108367 -0.0321664519351
-0.0219433715623 -0.942823216092 0.332570100344
-0.679662529892 -0.695311650064 -0.233667615954
