0.827733273069 0.477922067282 0.294020622167
0.873931670225 -0.42186194365 0.24140409333
-0.980647361052 -0.18045635151 -0.0759358838835
0.0765006514536 0.972545192907 0.219780568025
0.766952694601 -0.170281038462 -0.618698579426
0.504428606225 0.687770283128 -0.522038139284
0.176004555239 -0.58919328195 0.78858967343
-0.441746790988 -0.605590928012 -0.661905884973
-0.408156053656 0.756918734015 -0.510375024821
-0.00431853906319 0.110637181954 -0.993851479945
0.317017839901 -0.90698695529 -0.277262244307
-0.447789772619 -0.871355345508 0.200559670406
-0.738543134912 0.596602121313 0.314038129404
-0.629250493914 -0.183024410457 0.755344875594
0.0629503754237 0.391266834966 0.918121731629
