0.495566379705 -0.837557599167 -0.230024414755
0.00103060442208 -0.00719291619402 0.999973599557
-0.0147214126714 0.800791643046 0.598762076652
0.374410363071 0.589726436121 -0.715569430988
0.767736952472 0.611531864715 0.191334132467
0.114716215656 -0.80134178903 0.587104357861
-0.400304185916 -0.904599033749 -0.146482582167
0.229857918092 -0.319504677598 -0.919283470146
0.916441934439 -0.0569536491958 -0.396094007333
-0.455722343848 0.262982062597 -0.850386723832
-0.813750087444 0.45717641089 0.358887899643
-0.321065291114 0.915592459534 -0.24208991488
-0.948473848006 -0.195396138916 -0.249434778141
0.822617840585 -0.22987853898 0.520053598842
-0.696728909719 -0.406878485872 0.590778066702
