-0.0362524981407 0.413495851582 0.909784005742
-0.117093256718 -0.79275065757 0.598193584179
-0.730990126529 -0.111728922102 0.673179086784
0.499837138705 0.811539375468 0.302599862583
0.678670986005 -0.733298266287 0.0409798171749
-0.421851587877 0.875151766305 0.236961228347
-0.547535699885 -0.188817939354 -0.815200860604
-0.771466108208 -0.633213770717 -0.0622925714743
-0.361064999003 0.67693324551 -0.641399600575
0.606531159876 -0.204041185417 0.768431614884
-0.022671033423 -0.857991715208 -0.513162976916
0.626040184723 -0.269814968771 -0.73162392644
-0.961253604869 0.247062247794 -0.122277360302
0.537027786945 0.614949312893 -0.577441337818
0.993547278231 0.112147244148 0.0169352162408
