-0.164758375605 -0.850514589876 0.499479338988
-0.421288708969 0.613883051022 0.667580274846
0.48049260458 0.575773520791 0.661522266972
-0.0484375883052 -0.222256668314 -0.973784254047
0.985094001343 0.168718630811 0.0335236056533
-0.90606172167 0.417634682725 -0.0680692905089
-0.792205789254 -0.206006603391 0.574431255096
-0.790856500347 -0.375525981175 -0.483245520746
0.557994444201 0.39925485216 -0.727487294231
0.700557669135 -0.471192176179 -0.535907534304
0.00186838777909 -0.113719703179 0.993511116312
0.670977866819 -0.511607305218 0.536699792703
0.0466090618188 0.998886004385 -0.00737194678422
-0.321330960377 0.602916061712 -0.730231905926
-0.0726688828459 -0.915338482385 -0.396074104343
