-0.158146259559 0.759524367381 0.630961564552
0.148859614657 0.100454540149 0.983742700348
-0.274824097869 0.508883501823 -0.815787531654
-0.912627886754 -0.394856036071 0.105825569206
-0.824316873281 0.332187919887 0.458424343055
0.367259451564 0.917243431744 -0.154223805422
-0.493060397614 -0.352846508724 0.795230020551
0.622240413075 0.574490439403 0.531768373797
0.0325330670591 -0.874738647824 -0.483501703773
0.490507431531 -0.852229275915 0.181955271663
0.77878251703 -0.216280549715 0.588829784389
-0.62500067218 -0.434784200941 -0.648333909638
0.0882969038352 -0.231051459699 -0.96892666376
0.731111261409 -0.461828209656 -0.502186248524
0.55168930229 0.389306277436 -0.737617472737
-0.895270931101 0.268331324265 -0.355651880839
-0.312430054518 -0.91752128872 0.246053136091
-0.43949688614 0.890832944545 -0.115148391159
0.978783500202 0.18785826984 -0.0818054410501
