0.600523570915 -0.359486819061 0.714241323151
0.376186564547 0.408056354971 0.831849553599
-0.591538520596 0.424970581227 0.685187699644
-0.150366359502 -0.189308526297 0.970336147838
0.214899346862 0.893989477679 -0.393193444143
-0.577053907499 0.756691069322 -0.307290438264
0.991192413889 -0.123777148394 0.0470830774764
0.74664486673 0.316350702338 -0.585186872816
0.0747211380905 -0.959963967419 -0.269973948337
0.751979122991 0.640673372225 0.155129071125
0.0218711247528 0.333407757672 -0.942529002751
0.646631269736 -0.485690163811 -0.588194751572
-0.701571919257 0.0578027097101 -0.710250440944
-0.682299813836 -0.663683176188 -0.30658050441
-0.730143225104 -0.478923981632 0.487362996802
-0.0403278792697 0.926954165007 0.3730008554
-0.988926386404 0.142800600935 0.0404053294282
-0.106601925718 -0.462150157158 -0.88037109316
-0.0133474161944 -0.850400574875 0.525966452099
