0.133703710191 -0.929885955515 -0.342688528576
0.721557166053 0.692147369735 0.0169491794978
-0.465349949528 0.778205979482 -0.421716584892
-0.278002906983 0.192930112353 -0.941006033698
0.295685960822 0.685219899493 -0.66561513047
0.810568157569 -0.579424978339 -0.0851231837552
-0.83323232336 -0.551764570463 0.035773650769
-0.481598339368 -0.543109098585 -0.687819414201
-0.433333575879 -0.523853441041 0.733348201283
-0.222055610809 0.916556943623 0.332587845245
-0.855269387153 0.421172915676 0.301873567076
0.379467630672 0.563611626037 0.733720827201
-0.89551862654 0.098417623841 -0.434005023977
0.305097329511 -0.358306045328 -0.882344829081
0.306041117322 -0.213745304354 0.927713198879
0.852655834446 0.100838214801 -0.512649668313
-0.345343350185 0.257809892588 0.902370228768
0.241596665906 -0.858972524618 0.451439091101
0.900157457534 0.0281206633257 0.434655932826
