0.7372858873 -0.508702691334 0.444557186667
0.816612384742 -0.452896632103 -0.357811198422
-0.0252098931562 0.734327688803 0.678326843597
0.123861448949 -0.752523013306 -0.646813308389
0.607700855185 0.674452460575 -0.419301262855
-0.708073855972 0.659433194037 0.252545594084
0.562496620113 0.193889333294 0.803744038109
-0.548180516593 0.0982801715777 0.830565547746
-0.537759555346 -0.718716471057 0.440750830817
0.441379624849 0.0177645609792 -0.897144607709
-0.980065957614 -0.0974770919609 0.173115381374
-0.106350959739 0.602508594509 -0.790994858963
0.0698423064842 -0.440254374859 0.895152577856
-0.0553614957331 0.994739782991 -0.0861850852825
0.160806202435 -0.978618495201 0.128246661203
-0.806373961074 0.340509703611 -0.4835433555
0.976258253093 0.186885918293 0.109514733312
-0.662220311822 -0.656554206973 -0.361110553593
-0.347155299254 -0.157352132453 -0.924512576774
