-0.0935953062536 0.322259360314 0.942013175777
-0.200812400608 -0.882493222522 -0.42530000231
0.989747901468 -0.126589680678 -0.0661373138611
-0.404761529963 -0.408334547585 0.818187631971
-0.957997519064 0.174627220489 -0.227477663367
-0.79146167828 -0.597861852868 0.127081142189
-0.567770874813 0.821912709786 0.0457791569063
0.216007310542 -0.383630063334 -0.897869041842
-0.79433599423 0.244027665813 0.556310009427
-0.0930852772089 0.36844951135 -0.924975723332
0.669242160422 0.249825801846 -0.699787110088
0.652980911853 -0.527074130887 0.543883065838
0.66899920967 0.262017644622 0.695547849804
-0.56951753979 -0.262141469045 -0.779058163476
0.765914175053 0.642919435105 -0.00548419703047
0.109002971695 0.92000052946 -0.376453686335
0.568304627743 -0.795891657143 -0.20877337037
0.136399697566 0.894210631999 0.426359552636
-0.0130577875236 -0.935006867709 0.354389124441
