-0.405432893186 0.894276464759 0.189456521925
-0.948791184484 0.308312674549 0.0688373660044
-0.271373752733 -0.444696901077 -0.853581251258
-0.125222036321 -0.811624138381 0.570601173865
-0.265283688109 -0.939908303701 -0.214934746977
0.396898103293 0.913005803935 0.0942989797619
0.778778811934 0.444740603266 -0.442390503842
0.549770032611 -0.397920633249 0.7344467856
0.493517316972 -0.868072353952 0.0537684494155
0.787426085355 0.342346046872 0.51260056993
0.0777162490659 0.623458280388 0.777984548206
0.207522377902 0.1978714642 -0.958009053363
-0.789605115542 -0.357078533927 0.499017717239
0.974022204646 -0.224058180609 -0.0328432117674
0.515604943592 -0.518848156351 -0.681871052909
-0.862921609824 -0.403299456113 -0.304492765099
-0.183900137485 -0.115062797481 0.976187119393
-0.08458552912 0.83113215879 -0.54960406011
-0.662664090804 0.274746146096 -0.696699977009
