-0.171654880157 -0.929313364172 0.326972893814
-0.0871495983474 0.16772465083 0.98197423032
-0.720397122561 0.423189197631 0.549489662154
-0.799074796314 -0.598195879498 -0.0603420222369
0.371187274174 -0.481743268357 0.793815741142
-0.12960202281 -0.867345252458 -0.480536709027
0.6067559065 0.793754530665 0.0424383667891
0.990929159414 -0.103627459607 0.0855613852052
-0.966043935926 0.183199839182 -0.182200254622
0.119066943779 0.789481412331 -0.602114741958
0.574068025435 -0.484230224728 -0.66027796543
-0.515871688978 0.85012680713 -0.105644745775
-0.621012640901 -0.365990656139 0.693104710314
-0.0288929939208 0.84155229814 0.539402377078
0.760479990853 0.297836156066 -0.577030161822
0.652596637239 0.312548496711 0.690239861402
-0.600376959004 -0.246911260091 -0.76064599962
0.588325191988 -0.804485905265 0.0817061607337
0.101189536062 0.0814249413505 -0.991529453278
