0.597216897677 -0.609281869443 0.521639320505
-0.356062673548 0.934276054157 0.0186447616005
0.956407312052 -0.268444743529 -0.114989013064
-0.492928422761 0.112035766423 0.862826493031
0.844367305228 0.309027638777 0.437659425049
-0.205577481259 -0.674863249619 -0.708729492481
-0.840351648381 -0.409512347968 0.355117929602
0.449059072446 0.892539806615 0.0414565201414
0.510486001821 -0.315146368156 -0.800054253525
-0.645617933771 0.487897898958 -0.587480317785
0.0172498148688 0.714849143736 0.69906590933
0.755401025446 0.400042186182 -0.518975471511
0.433667816806 -0.87310327545 -0.222761969521
-0.914246499206 0.370525777701 0.163902369566
0.0674043386647 0.344867784385 -0.936227999166
-0.853935957172 -0.277246625274 -0.440372217361
-0.171759053118 -0.621230721472 0.764572572338
0.301181666409 0.00414531823308 0.9535577697
-0.324828053436 -0.944846653283 0.0418513737072
