0.724585687932 0.12847504577 -0.677103938446
0.0945396688592 0.646313617076 -0.757192815202
0.0297148887082 -0.142492349342 -0.989349764122
0.816877540785 0.576715125389 -0.0105236642298
-0.857442624662 -0.497663875835 -0.130854163485
-0.951806012766 0.235769704342 0.196157999013
-0.666757030531 -0.373369357548 0.645004174469
-0.587903575357 0.744606698507 -0.316117463327
0.123286345245 0.992134721654 -0.021660359296
0.376362615808 0.646179859623 0.663929793306
-0.414846875991 0.741515811696 0.527310506709
-0.704319719713 0.0471855916791 -0.708312962158
-0.244118243462 -0.780697880452 -0.575253946242
0.511429305418 -0.790149171776 0.337793356805
0.551790780394 -0.646887405328 -0.52636833064
-0.0898701750944 0.0735106474675 0.993236898397
0.976413101986 -0.21568606677 0.00984758203076
-0.274605075543 -0.936625930617 0.217540613637
0.658155923159 -0.10731525486 0.745194080012
