0.178763004043 -0.0515352145663 0.982541556396
-0.7736826562 0.226203578212 -0.591816769532
-0.0795077064696 0.989078666738 0.124104454458
0.710423953593 -0.460863990634 0.531885502996
-0.305843059344 0.559543542108 0.770305814295
-0.515411940512 -0.814410312338 0.266620281927
0.974408279641 0.186249661614 0.125855345993
-0.980493832528 -0.181875110766 0.0745203895468
0.821757370686 -0.503113075056 -0.267566921406
0.159098235892 -0.718295352481 -0.677303135929
0.641464652533 0.112915899464 -0.758797139689
-0.788978899638 0.601838732411 0.123703015714
-0.150877480468 0.749281227399 -0.644836125038
0.488841042556 0.636957843192 0.596086521496
-0.590778568955 -0.196742032987 0.782478916597
-0.622766960134 -0.566163586446 -0.540018617038
0.258667599315 -0.962051583385 0.0868782134435
0.581645624781 0.762941557983 -0.282149864922
-0.119349793072 -0.0280420918247 -0.992456179375
