1.20518611555 0.558418583872 1.62967756029 1.18953460628 0.560412157249 1.57320616675
-0.470374954504 0.22003054038 -0.561369631415 -0.607360090915 0.140488494716 -0.929265651938
0.164074780212 0.14569920127 0.315355077148 -0.0716150689631 0.0400357570233 0.874582317107
-2.22501137624 0.0880935800418 -3.8075885962 -2.22501137624 0.0880935800418 -3.8075885962
-4.58363560179 0.400122643724 1.01698868648 -4.58363560179 0.400122643724 1.01698868648
0.120292655248 0.0601296785048 1.80217520641 -0.0739972438293 -0.322929683601 1.61286932562
-0.556437651939 -0.0609020091253 0.306904438413 -0.163584101481 -0.0801677362337 -0.345019401275
-1.28037168896 0.681992759635 -2.50165683886 -1.21099321278 0.593728270272 -2.72445669427
-0.698657062042 0.14259453145 -0.135044326671 -0.782427533824 0.268365440145 -0.288752492057
0.444090913911 -0.355653712597 0.122790091473 0.671638896588 0.119624975954 0.219647661089
-0.535880706558 0.16190284574 -0.882137306324 -0.752157619448 -0.082468985687 -0.848579607221
-0.411880751875 0.547941728288 -0.108639403762 -0.188987465402 0.312264664337 0.544249003187
-0.786061134227 -0.259309182836 -0.663030226676 -0.122640795946 -0.178116583401 -0.342454588919
-0.313192394269 0.12690953299 0.841213769558 -0.482119438465 0.0614403970215 0.0672157490307
0.828009299983 -0.103192991728 -0.496764754877 0.562098264584 -0.110775358349 -0.224529378357
-0.782427533824 0.268365440145 -0.288752492057 -0.525944197932 0.141215969883 -0.0159072085101
-0.0378919849236 0.150277653917 -0.823810739407 -0.260587853139 -0.186014706214 -0.60898778501
-0.825066325949 0.282625640627 1.4325018037 -1.27687583348 0.0651879643293 0.935801681742
-0.0200435569588 0.406458197614 0.323486299517 0.00366146965931 0.924681391628 0.279134320659
0.313817629506 -0.325244817843 -0.044847435038 -0.094641597851 -0.500516507779 0.000768450566675
-0.0794188491868 0.130240652905 -0.516098916471 0.0613487443968 0.321725443211 -0.590816006596
-0.47301770529 0.129595791578 0.12528823417 -0.609959559713 0.248179943065 -0.0896026697434
-0.0175516947993 0.618584166552 -0.33768708495 -0.15626812061 0.59055789654 -0.0646949410604
-0.403937858466 0.449082572003 0.214022844044 -0.284088367222 0.0992964489996 0.14170368745
-2.88620643033 0.580617852366 -0.0796743707578 -2.88620643033 0.580617852366 -0.0796743707578
-0.302553866347 0.106398307344 -0.0378740594991 -0.595592355801 -0.547214641017 0.0235541188329
-2.60023573259 0.359516343163 0.618558081477 -2.60023573259 0.359516343163 0.618558081477
-2.47857684892 -0.242185561763 -0.342183838648 -2.21302442023 0.157783601363 0.320409029673
-0.340988430271 0.71154380663 0.0557493578631 -0.259417598896 0.481473589409 -0.257864482095
-0.51356878697 0.845580262023 0.305768349495 -0.42351099588 0.940576211129 -0.056701245935
-0.127235835048 -0.174393279825 0.0349461206245 0.0497536459307 0.00278499054247 -0.518585871578
0.0206167618458 0.358730638982 -0.938754065372 0.0206167618458 0.358730638982 -0.938754065372
-0.130514551441 -0.476296202568 -0.246286314513 -0.495869775785 0.118638314826 0.162327588036
-0.367459488704 0.264435585382 -0.495402297246 0.0433198046005 0.321414022559 -0.521116102627
0.397777261071 0.889881167265 2.26615320334 0.397777261071 0.889881167265 2.26615320334
-0.695738729086 0.0591337820664 1.73731211353 -0.695738729086 0.0591337820664 1.73731211353
-0.0741029599576 -0.00905182673468 -0.639357954346 0.194292696588 0.215462808298 -0.151206806365
-0.508188362314 0.0887223106837 -0.795476199894 -0.0337527319934 0.00363270286895 -0.577765751002
0.924444254819 -0.236029025896 0.0318260502791 0.753633112239 0.118675004213 0.160354833598
1.10158249106 0.084947046434 0.813840897075 0.722833109014 0.181189499243 0.625551331893
-0.415096625037 0.00917679059142 -0.141914073454 -0.367459488704 0.264435585382 -0.495402297246
-0.6259621391 -0.672957630634 2.9547300439 -0.6259621391 -0.672957630634 2.9547300439
-0.890192256335 -0.119617066749 0.733775961745 -0.693448987119 -0.222886973895 0.817333723446
-0.200170292789 0.0302385329875 -0.753701813135 -0.629091886296 0.097644621881 -0.210862503383
-2.22334927511 -0.00319752143386 -0.175084120727 -2.47857684892 -0.242185561763 -0.342183838648
0.130994938301 -0.0682421745232 -0.0781583099295 -0.862263910041 0.012881805034 -0.0669848963879
-0.438547087628 0.481774013897 0.3903088178 -0.200230849991 0.789202798488 0.452402321449
0.437978011394 -0.101016907755 0.536437921514 0.164074780212 0.14569920127 0.315355077148
0.0614704665514 -0.00815644042884 -0.333328657926 0.718854029243 -0.238652468848 -0.0213480260193
-0.635380907994 0.094432468619 0.125275449413 -0.784051183466 0.398098884919 0.23132064402
-0.707556157806 -0.507897011164 -0.647409966363 -0.522267111246 -0.243660188232 -0.70555091188
0.561007425174 0.261861809023 -5.28479580167 0.561007425174 0.261861809023 -5.28479580167
0.379209446841 0.320907188452 0.0370674848624 0.382058277272 0.405365937557 -0.260840930199
-0.712721007957 -0.374313522818 -1.25146767433 -0.578444232676 -0.460588065907 -1.1766967182
-1.45251650933 0.0818341643355 1.72890711241 -1.45251650933 0.0818341643355 1.72890711241
1.00238077276 -0.668280293019 -0.189143062897 0.62377922138 0.118340364863 -0.376734282639
-0.609959559713 0.248179943065 -0.0896026697434 -0.831696527994 -0.368958712961 -0.457116352323
-0.818666033977 -0.43578582606 -0.476625700439 -0.797415313792 -0.0888464081576 -0.340147401093
-2.52598113104 -0.228787376734 -1.94119695384 -2.2666346613 -0.0867387756219 -2.20655073656
-0.0449623003604 0.18649473843 -0.72285376402 -0.460926548053 0.0393564983566 -0.54046338025
-0.819480865031 -0.125373067834 -1.59777029824 -1.21073172634 -0.28030247173 -1.15100797381
0.898260664148 -0.532121600973 0.535437214441 0.444090913911 -0.355653712597 0.122790091473
1.37820282218 -0.415066242059 -0.941441219528 1.37820282218 -0.415066242059 -0.941441219528
-0.65954135628 -0.110570524313 0.422365580759 -0.357329058945 -0.328782669878 -0.25900765502
1.22382434605 -0.565835722576 -0.507503094347 0.557043736572 -0.28001638032 -0.306886046039
2.92968769181 -0.0790515933452 -0.305539093055 2.92968769181 -0.0790515933452 -0.305539093055
-0.851058068454 0.164184368929 -1.36806736547 -0.840796509989 -0.15420297746 -0.685006612711
-1.07984406871 -0.27002610661 -0.239105654803 -0.88631204878 -0.554511013364 -0.0562899308158
-0.124433725965 -0.458829363486 -0.976845208339 -0.179837692522 -0.0337181347346 -0.841449386388
-2.62278573538 -0.510315968608 1.16542885769 -2.62278573538 -0.510315968608 1.16542885769
1.73008589689 0.155981454109 0.77053993988 1.86903733909 -0.00767560340735 0.947954214353
0.481697132993 -0.635734862218 -0.223274763101 0.130994938301 -0.0682421745232 -0.0781583099295
-0.879897602884 -0.65730745418 0.0984485263004 -0.856146609687 -0.431730636771 0.539561458284
0.247272489783 0.379047345684 -0.585143820864 0.440004678661 0.246482553483 -0.208835755455
0.604172256754 0.135387671968 0.439619446172 0.825694240088 0.130973953015 0.251061579082
0.213569516296 -0.687681632308 2.14167094507 0.213569516296 -0.687681632308 2.14167094507
-0.881113024915 0.335347505164 0.153077004931 -1.18271985216 -0.0748546035292 0.389747295649
0.440004678661 0.246482553483 -0.208835755455 0.115207566218 0.445471870423 -0.351064880592
-2.66714160733 0.38325128035 -0.757156908031 -2.66714160733 0.38325128035 -0.757156908031
-2.57242275559 -0.290183812716 2.2944831385 -2.57242275559 -0.290183812716 2.2944831385
-0.803462630951 0.110444159843 0.280679911273 -0.388345482789 0.146931595468 0.295983572934
-0.840796509989 -0.15420297746 -0.685006612711 -1.07413167587 -0.0236450821651 -0.190558961187
2.03972655925 0.518051360836 -0.323345409231 2.03972655925 0.518051360836 -0.323345409231
-0.665163185069 0.166531013867 0.131444283901 -0.665163185069 0.166531013867 0.131444283901
-2.04101030599 -0.494554000278 1.35467553228 -2.04101030599 -0.494554000278 1.35467553228
-0.544477051687 0.0246627855277 0.0185291278758 -0.621847263755 -0.081189218355 0.322531147209
-0.73341752648 -0.0594718834897 0.244192384447 -1.07984406871 -0.27002610661 -0.239105654803
-0.522267111246 -0.243660188232 -0.70555091188 -0.211566614534 0.222522059256 -0.633686927376
-0.0849676719454 0.166225605742 0.296113501109 0.298501348189 -0.294279427017 -0.0976561656718
-0.546383960195 -0.0707221472407 -0.383775930173 -0.511893659146 0.10594804917 -0.0992200825023
-0.552684684506 -0.273429901805 -0.182947699505 -0.617201387153 -0.111739053319 -0.428572847197
0.0567964510169 0.6961708146 -0.41742907491 0.527250874994 0.324848727926 -0.00923396444134
-0.168232584945 0.382291146255 0.189151026775 -0.143487763018 -0.325603747453 -0.523302023095
-0.508423696756 0.814154308646 3.8493860751 -0.508423696756 0.814154308646 3.8493860751
0.215471562285 0.569953878509 0.269576920311 0.10550428967 -0.249457403961 -0.603424549134
-0.176389632091 0.194059916723 0.462544377057 -0.881113024915 0.335347505164 0.153077004931
0.423413691958 -0.10208861158 -0.819412967037 0.384591245611 0.470429405851 -0.627704577031
0.896382843979 0.15484693469 -0.152164369802 0.649565391217 -0.0573682504253 -0.0979882767876
0.416001899343 0.101798188582 -0.190948350184 0.80543444242 -0.0361864022494 -0.173114556057
0.00515614060849 0.230479883487 0.105574623178 0.034180174788 -0.113724340114 -0.0636743863463
0.0211910340354 0.0952815902226 -2.94194158609 0.0211910340354 0.0952815902226 -2.94194158609
0.886944965467 -0.142308449796 -0.307433481748 1.17936222006 -0.164255162594 -0.411672912142
-1.27687583348 0.0651879643293 0.935801681742 -1.97979082911 -0.182373937917 0.129197717965
0.226316385783 -0.013788478163 0.341357935636 0.283405641166 0.214423467142 -0.0449306988357
-0.115022425328 0.122962252919 1.24422672716 -0.23763868058 0.0744637395771 0.772290160424
-2.43811077194 0.447801764124 4.64927344169 -2.43811077194 0.447801764124 4.64927344169
-0.519082149828 0.253047038829 0.611369954656 -1.10869682948 -0.105568068281 0.338213923169
0.384591245611 0.470429405851 -0.627704577031 0.645458384228 0.465451762121 -0.463665214042
1.19868434839 0.461040933807 5.65732336995 1.19868434839 0.461040933807 5.65732336995
0.0609121649017 0.296728016959 -0.327840325805 0.293537650695 -0.131134667973 -0.391497764312
-0.265499435181 0.223291113062 -0.120413226469 -0.556437651939 -0.0609020091253 0.306904438413
-0.854579769584 0.0393157952698 -0.600043983439 -1.07305106845 -0.408970529167 0.0251361865274
-0.363252568521 0.339972206091 -0.112400222492 -0.483716052821 0.227122230206 -0.373482904831
-0.222842090514 -0.0728765116812 0.355439146665 -0.308445864259 0.017790081507 0.334141330677
3.55599080415 1.17262706318 1.22155371473 3.55599080415 1.17262706318 1.22155371473
-1.60659990734 -0.0511475593489 -0.72415027574 -1.48922723589 0.306795725681 -0.287791725736
-0.249667954684 0.0133401444774 -0.699792955338 -0.403744625526 0.165882081636 -0.867796834593
-1.43401425973 -0.386193843359 -1.44499190046 -1.43401425973 -0.386193843359 -1.44499190046
0.369769630684 -0.0108686878852 -0.956791685211 0.73507757635 0.133127603191 -0.905530037674
0.0331712921577 -0.220883050082 -0.792460389128 0.209942977867 -0.142956997167 -0.0859666176959
-0.874276335402 -0.147607313302 -0.537581168505 -0.561762770622 -0.270981739939 -0.103605493866
-0.224884042652 0.476203757053 -0.263539030056 0.0567964510169 0.6961708146 -0.41742907491
0.377505290274 0.0489052476044 -0.023738380423 0.0662873549651 0.00578694390143 -0.183225126716
-3.8006118056 0.53443326798 1.94094439498 -3.8006118056 0.53443326798 1.94094439498
0.718854029243 -0.238652468848 -0.0213480260193 0.526272519436 0.184275187819 -0.187279659656
0.842280376955 0.318832459285 -0.496769859951 0.24948370982 0.268741445514 -0.787401173151
-1.97979082911 -0.182373937917 0.129197717965 -2.08555204156 -0.261463544042 0.372289846393
-1.28963026451 0.0367554200891 0.470011159538 -1.8285438836 0.0202787054576 1.07057954715
-0.360259319922 0.637622383392 2.65319613009 -0.360259319922 0.637622383392 2.65319613009
1.18234289393 -0.145976850609 0.727163606402 0.424181774921 0.323326381704 1.24536583657
-0.621847263755 -0.081189218355 0.322531147209 -0.544477051687 0.0246627855277 0.0185291278758
-0.260587853139 -0.186014706214 -0.60898778501 -0.305440512603 -0.360661511852 -0.7136915344
-0.617201387153 -0.111739053319 -0.428572847197 -0.670584092633 0.242178590582 0.112487276989
-0.164668850402 -0.0690567735953 -0.79560750058 -0.508188362314 0.0887223106837 -0.795476199894
0.343592648848 -0.325782166826 1.23974197955 0.52957397525 -0.231020586004 1.08826496655
0.0497536459307 0.00278499054247 -0.518585871578 0.307359910675 -0.0356677545108 -0.762428789623
1.17755448122 -0.0739428197934 -0.192430307879 0.706969340404 -0.263050672404 0.143789877886
0.80543444242 -0.0361864022494 -0.173114556057 0.5696274477 -0.322285675223 -0.40030303388
1.24346019818 0.184404575016 0.0849535021639 1.46254751634 -0.511981281206 -0.398391082133
4.27621937432 0.41961299441 2.26982367196 4.27621937432 0.41961299441 2.26982367196
-0.528931138282 0.394255723326 -0.0211663906903 -0.47301770529 0.129595791578 0.12528823417
0.24948370982 0.268741445514 -0.787401173151 0.470246676212 0.0342710871408 -0.557688365732
-1.42815612486 0.168081033858 -0.467363726204 -1.46692686068 0.0725091633418 -1.01318754848
-1.30037238119 0.280742818475 5.36019001706 -1.30037238119 0.280742818475 5.36019001706
-0.396849717541 0.182062826652 -0.237018434674 -1.14562966835 -0.192399171733 -0.153183522946
-0.560215325483 0.345519695149 -0.0486675958755 0.250822697419 0.25310879912 0.131466526154
5.41977977114 -0.98150724629 0.615962582889 5.41977977114 -0.98150724629 0.615962582889
-0.595592355801 -0.547214641017 0.0235541188329 -1.10994554586 -0.530008882762 -0.339295431992
5.66727721816 -0.108223675115 4.98853341412 5.66727721816 -0.108223675115 4.98853341412
1.49722456643 -0.307407791037 1.18615805626 1.73008589689 0.155981454109 0.77053993988
-2.21302442023 0.157783601363 0.320409029673 -2.22334927511 -0.00319752143386 -0.175084120727
0.368725584995 -1.12972896052 0.503829003199 0.368725584995 -1.12972896052 0.503829003199
-0.627158955465 0.0586986950503 0.394295955533 -0.890192256335 -0.119617066749 0.733775961745
-1.96695920496 -0.00986305009908 0.903218716632 -1.96695920496 -0.00986305009908 0.903218716632
-0.752652428055 -0.0230922290145 0.532870618662 -0.629211756805 0.277214788169 0.161342068329
-0.122640795946 -0.178116583401 -0.342454588919 -0.321960430544 0.0584236687682 -0.110246892364
0.173449938234 -0.195865087494 -0.234294414427 -0.110224199242 -0.0841843942762 -0.317729083525
-0.243752770742 -0.123081975772 0.218669750425 -0.199635388426 0.224515297225 0.232691879918
1.057926125 0.313806277761 -0.47588718007 0.179057194053 0.395538110714 -0.233899450433
-0.111257303551 0.445435838365 0.883858116592 -0.176389632091 0.194059916723 0.462544377057
-0.321960430544 0.0584236687682 -0.110246892364 -0.122847853279 -0.488010485818 0.189534148265
-0.259417598896 0.481473589409 -0.257864482095 0.00515614060849 0.230479883487 0.105574623178
-0.540975602302 0.4841449683 -0.84766945347 -0.151230846982 0.0772524964358 -1.07647355684
-0.154142118132 -0.326584741456 -0.235494646044 -0.0315250334071 -0.488478448235 0.448376006653
-0.406526576678 -0.490259279693 -0.343350302032 -0.390036472312 -0.276690180676 -0.45911853644
-6.48141155901 -0.653677058902 -0.440666756888 -6.48141155901 -0.653677058902 -0.440666756888
-0.753272506634 0.0144611059251 0.645743097447 -1.55740158813 0.283367163271 0.00605657974311
-0.0739972438293 -0.322929683601 1.61286932562 -0.34212689828 -0.426152493075 1.45870459181
-0.797415313792 -0.0888464081576 -0.340147401093 -0.785570371103 -0.527406626489 -0.860725895566
-0.567006312176 -0.185361267948 0.195444885208 -1.05933419266 0.0225418668839 0.0789706767402
0.618130766339 -0.127736901498 1.15406747547 0.786387851857 -0.417395904323 0.268907828468
-1.07305106845 -0.408970529167 0.0251361865274 -1.58590058215 -0.0553351603058 0.140839359392
-1.07988424975 0.0578616973871 0.781354105976 -1.28963026451 0.0367554200891 0.470011159538
0.507668925608 -0.172089079443 1.0499881286 0.343592648848 -0.325782166826 1.23974197955
-0.247882870474 0.159282896917 0.542880297704 -0.0646578982573 -0.00191167823284 -0.227623822668
0.438657922466 0.273223973029 0.720788651351 -0.00267654240391 0.16932001884 0.845810938603
-0.322010552396 0.0251369793785 -0.509076751167 -0.491772719585 0.0633013368506 -0.633939887294
0.132248552663 -0.00725174549044 -0.895601542388 0.423413691958 -0.10208861158 -0.819412967037
-0.482119438465 0.0614403970215 0.0672157490307 -0.500831391502 -0.206413026451 0.207782530941
-0.208672980743 0.42325928865 -0.245822402036 -0.329787921546 0.219232867563 -0.507659346772
-0.65946179728 0.0405865317191 -0.264639193776 -0.483210437511 0.5043541885 0.235272215255
0.649565391217 -0.0573682504253 -0.0979882767876 -0.302553866347 0.106398307344 -0.0378740594991
-1.02546604428 0.662260897334 -0.924242549874 -0.820471614674 0.116892619234 -0.534224408326
2.59149879857 0.371172538098 -0.544497313836 2.59149879857 0.371172538098 -0.544497313836
-1.65287329319 -0.096712761861 -0.183308889772 -0.90802927723 -0.194323172369 -0.0069366039619
0.653159066502 0.517272726469 -2.76052123899 0.653159066502 0.517272726469 -2.76052123899
-1.6989213279 0.124374684038 -3.100517798 -1.6989213279 0.124374684038 -3.100517798
-0.785570371103 -0.527406626489 -0.860725895566 -0.712721007957 -0.374313522818 -1.25146767433
-0.407543435925 -0.362427791153 -0.730219704144 -0.786061134227 -0.259309182836 -0.663030226676
-0.876977856819 0.476891275537 0.464217772617 0.0605353232853 0.347196287869 0.0719846520281
-0.00169015620265 0.310814549812 0.870557390266 -0.315247016928 0.0292815753168 1.02310561426
0.648591031994 -0.033333015861 -2.79785440029 0.648591031994 -0.033333015861 -2.79785440029
0.209942977867 -0.142956997167 -0.0859666176959 0.307496489153 -0.165944416564 0.246398091648
-0.0337527319934 0.00363270286895 -0.577765751002 -0.448035212106 0.000775784115804 -0.830097242931
-0.500831391502 -0.206413026451 0.207782530941 -0.842989376665 0.4111124854 0.363088749623
0.335084049031 -0.0167731908112 0.121856003587 0.236838321626 -0.563915821711 -0.0608841285894
0.236838321626 -0.563915821711 -0.0608841285894 0.551463845121 -0.0480300979942 -0.0218658299627
3.53851263255 0.47198789287 2.55061182205 3.53851263255 0.47198789287 2.55061182205
-0.578444232676 -0.460588065907 -1.1766967182 -0.699221416806 -0.179533590241 -0.617865334799
0.810455710637 -0.236079816638 -0.600440022605 1.057926125 0.313806277761 -0.47588718007
-1.12722021738 0.60407874983 -0.740200994574 -1.02546604428 0.662260897334 -0.924242549874
-0.877240002563 0.240024030438 -0.835975510883 -0.874276335402 -0.147607313302 -0.537581168505
-1.26220755199 0.032975535243 -2.04893473887 -1.26220755199 0.032975535243 -2.04893473887
-0.137061306983 -0.106982200117 -0.527697573671 -0.540975602302 0.4841449683 -0.84766945347
-1.55740194555 0.783128146758 2.20680545403 -1.55740194555 0.783128146758 2.20680545403
-1.66594864139 -0.198278604827 -0.332281521694 -1.65287329319 -0.096712761861 -0.183308889772
0.00969342850618 0.100370173028 -0.8553383161 0.00969342850618 0.100370173028 -0.8553383161
0.0605353232853 0.347196287869 0.0719846520281 -0.51356878697 0.845580262023 0.305768349495
-0.0646578982573 -0.00191167823284 -0.227623822668 0.0446799863814 0.241760764911 -0.153043702511
1.33930491766 -0.401691915937 -6.00494266157 1.33930491766 -0.401691915937 -6.00494266157
1.24733114193 -0.09481757882 -0.468995295176 1.00238077276 -0.668280293019 -0.189143062897
-0.0315250334071 -0.488478448235 0.448376006653 0.573511536681 -0.232092200615 0.294763378332
0.0662873549651 0.00578694390143 -0.183225126716 -0.224884042652 0.476203757053 -0.263539030056
-1.33213637231 -0.0383362730489 -0.772317386551 -0.877240002563 0.240024030438 -0.835975510883
1.41968491508 0.358285035776 2.37079076333 1.41968491508 0.358285035776 2.37079076333
-0.716965123212 -0.11256448684 0.76396825969 -0.0200435569588 0.406458197614 0.323486299517
0.359940628385 0.0905742731245 0.619671695018 0.282285235813 -0.141100885964 0.360233810054
-0.872744886427 0.245729759601 0.225636099213 -0.325905770416 0.361558467678 -0.453144554551
0.424851670015 -0.0364733897722 -0.435026884652 0.842280376955 0.318832459285 -0.496769859951
-0.305440512603 -0.360661511852 -0.7136915344 -0.587928277109 -0.24187102117 0.0918887800908
-1.78823786536 0.0462641945163 0.349558421227 -1.78823786536 0.0462641945163 0.349558421227
1.46254751634 -0.511981281206 -0.398391082133 1.22382434605 -0.565835722576 -0.507503094347
0.557043736572 -0.28001638032 -0.306886046039 0.491972230597 0.154541817071 -0.80893607343
0.293537650695 -0.131134667973 -0.391497764312 0.482277507483 -0.684954126383 0.0955551784737
-0.784051183466 0.398098884919 0.23132064402 -0.746585883664 0.673388201225 0.218670523918
-2.90860810994 -0.746002516315 0.778904374402 -2.90860810994 -0.746002516315 0.778904374402
0.52957397525 -0.231020586004 1.08826496655 -0.138232923744 0.105122159758 0.969382426526
-0.850743690967 0.384233739157 0.775854223354 -0.795470089215 0.280831073392 0.994671911709
1.76624238176 -0.840714240002 0.024901752752 2.07557069904 -0.482998881731 0.475664108278
-2.13301174607 0.630809985575 -1.87359312822 -2.13301174607 0.630809985575 -1.87359312822
3.91156225588 -0.842394125655 2.25765022887 3.91156225588 -0.842394125655 2.25765022887
-0.858327099832 0.123647661415 -2.08875116699 -0.858327099832 0.123647661415 -2.08875116699
-0.181903585126 -0.147594566692 -0.333255133062 -0.265499435181 0.223291113062 -0.120413226469
-0.15626812061 0.59055789654 -0.0646949410604 0.13444406276 0.549798239173 -0.081971279613
-3.98635693507 0.32086323803 -1.14484137507 -3.98635693507 0.32086323803 -1.14484137507
0.0350658517557 -0.773824235082 2.46553829557 0.0350658517557 -0.773824235082 2.46553829557
1.86903733909 -0.00767560340735 0.947954214353 1.49722456643 -0.307407791037 1.18615805626
-0.0716150689631 0.0400357570233 0.874582317107 0.105057912213 -0.320470862883 0.772839499811
-0.481819592171 0.369096772186 -0.98204680009 -0.0378919849236 0.150277653917 -0.823810739407
1.17936222006 -0.164255162594 -0.411672912142 1.24733114193 -0.09481757882 -0.468995295176
-0.190822193325 0.212817329039 -0.538318250918 -0.406526576678 -0.490259279693 -0.343350302032
-0.511893659146 0.10594804917 -0.0992200825023 -0.363252568521 0.339972206091 -0.112400222492
-0.795470089215 0.280831073392 0.994671911709 -1.07988424975 0.0578616973871 0.781354105976
2.85035210113 -0.112590169792 -1.41073868971 2.85035210113 -0.112590169792 -1.41073868971
0.251589167402 -0.171470930116 -0.147727295827 0.112921265386 0.0233526741185 -0.0813566213384
-0.325905770416 0.361558467678 -0.453144554551 -0.65946179728 0.0405865317191 -0.264639193776
-0.61916033728 -0.0973632879985 2.47687292632 -0.61916033728 -0.0973632879985 2.47687292632
-0.526770345281 -0.46418618311 0.33387960408 -0.526770345281 -0.46418618311 0.33387960408
0.112921265386 0.0233526741185 -0.0813566213384 -0.127235835048 -0.174393279825 0.0349461206245
0.0776491421061 -0.345177475737 -0.093899811598 -0.322010552396 0.0251369793785 -0.509076751167
1.65987227049 0.897742376474 3.45233858502 1.65987227049 0.897742376474 3.45233858502
-0.35095163757 0.34351449845 0.289771896801 -0.12220144802 0.268831730928 0.0479244785066
0.144363730012 0.299979437524 0.010703260465 -0.208566846183 -0.0683975539842 0.122012135949
-0.607360090915 0.140488494716 -0.929265651938 -0.880135592361 -0.393822420207 -0.955316491985
-0.0478446474374 0.590058835674 2.14490207779 -0.0478446474374 0.590058835674 2.14490207779
-0.163584101481 -0.0801677362337 -0.345019401275 -0.130514551441 -0.476296202568 -0.246286314513
-0.916893994917 0.439960403333 4.4569155786 -0.916893994917 0.439960403333 4.4569155786
3.73612164078 0.344204373642 5.81485890192 3.73612164078 0.344204373642 5.81485890192
-2.08555204156 -0.261463544042 0.372289846393 -1.30577389323 0.147760603238 0.367615426812
0.414551726352 0.307260797912 0.0911394038249 1.24346019818 0.184404575016 0.0849535021639
-0.856146609687 -0.431730636771 0.539561458284 -0.247882870474 0.159282896917 0.542880297704
-0.665812526125 0.24994738495 1.47010023231 -0.882723295235 -0.0199767743692 0.560500773979
-5.59915924501 -0.0714073665168 1.36144502962 -5.59915924501 -0.0714073665168 1.36144502962
-1.07251551036 0.422041630413 -2.0195387383 -1.07251551036 0.422041630413 -2.0195387383
-0.267836108173 -0.0758101010795 -0.406359491156 -0.190822193325 0.212817329039 -0.538318250918
-1.58590058215 -0.0553351603058 0.140839359392 -1.60663995004 -0.0314491444022 0.0593126421834
1.58441354397 0.397773208281 -5.64639087252 1.58441354397 0.397773208281 -5.64639087252
-0.34212689828 -0.426152493075 1.45870459181 0.28815261378 -0.589776284726 1.32284288777
-0.350220699929 -0.283421355925 -0.279459433337 -0.818666033977 -0.43578582606 -0.476625700439
-0.823557200011 -0.115684948534 -0.786933269724 -0.717373018679 -0.213037800642 -1.31138698908
-4.2599738002 -0.00235535537265 3.89165132173 -4.2599738002 -0.00235535537265 3.89165132173
0.034180174788 -0.113724340114 -0.0636743863463 0.424851670015 -0.0364733897722 -0.435026884652
-1.48922723589 0.306795725681 -0.287791725736 -1.60659990734 -0.0511475593489 -0.72415027574
-1.52887446285 0.216309125041 -0.922694782276 -1.05142995284 0.185891146883 -0.305665403622
0.482277507483 -0.684954126383 0.0955551784737 0.478675688576 -0.252760236989 0.398832105944
-0.882723295235 -0.0199767743692 0.560500773979 -0.401983293858 0.312753042909 0.749788943069
0.179057194053 0.395538110714 -0.233899450433 0.186193621243 0.147134662491 -0.164252441538
0.28815261378 -0.589776284726 1.32284288777 0.618130766339 -0.127736901498 1.15406747547
1.29787283958 -0.217721307677 0.638676172114 1.42480667462 -0.209065660607 0.514087374509
-1.21073172634 -0.28030247173 -1.15100797381 -0.481819592171 0.369096772186 -0.98204680009
-0.702589405349 -0.897870732732 2.60414588882 -0.702589405349 -0.897870732732 2.60414588882
-2.37521960998 0.386281704591 1.27654218301 -2.38967299356 0.0783431085806 1.34976877468
0.73507757635 0.133127603191 -0.905530037674 0.247272489783 0.379047345684 -0.585143820864
0.10550428967 -0.249457403961 -0.603424549134 0.347631873599 -0.160610860396 -0.727094432507
-0.199635388426 0.224515297225 0.232691879918 0.0921587648554 -0.0985844520478 0.195370035288
-0.00267654240391 0.16932001884 0.845810938603 -0.00169015620265 0.310814549812 0.870557390266
-2.2666346613 -0.0867387756219 -2.20655073656 -2.52598113104 -0.228787376734 -1.94119695384
-4.25050889164 -0.594316545096 -2.01509552211 -4.25050889164 -0.594316545096 -2.01509552211
-0.19971993639 -0.509248658049 -0.582286154545 -0.19971993639 -0.509248658049 -0.582286154545
0.0613487443968 0.321725443211 -0.590816006596 0.369769630684 -0.0108686878852 -0.956791685211
0.250293757451 0.159373995744 0.515631854297 0.226316385783 -0.013788478163 0.341357935636
-5.88629495502 -0.209344288534 0.639408618491 -5.88629495502 -0.209344288534 0.639408618491
-1.30630466455 -0.323458446385 3.90027907967 -1.30630466455 -0.323458446385 3.90027907967
-0.197520796107 0.203856104473 -0.95964330814 -0.181903585126 -0.147594566692 -0.333255133062
-3.58083323995 0.0704171466337 1.00015669793 -3.58083323995 0.0704171466337 1.00015669793
0.323719536729 0.415888589106 -0.868693491036 0.0609121649017 0.296728016959 -0.327840325805
0.645458384228 0.465451762121 -0.463665214042 -0.0741029599576 -0.00905182673468 -0.639357954346
-2.38967299356 0.0783431085806 1.34976877468 -2.16130287018 -0.148511633833 1.19130129447
-0.460926548053 0.0393564983566 -0.54046338025 -0.546383960195 -0.0707221472407 -0.383775930173
-1.92986609275 -0.119281594398 1.66442770876 -1.92986609275 -0.119281594398 1.66442770876
2.04199145825 -0.762046409897 4.89459119298 2.04199145825 -0.762046409897 4.89459119298
-0.665912786991 0.217244213063 -0.0177922198507 -0.750569713132 0.359362510902 -0.00908673123044
-1.87374758905 -0.762361480305 0.0451618066539 -1.87374758905 -0.762361480305 0.0451618066539
4.25457820386 -0.504406598004 3.75557596321 4.25457820386 -0.504406598004 3.75557596321
-0.367395864932 0.162326024275 -1.84532269532 -0.0598913598514 0.157441089276 -1.27324993511
0.786387851857 -0.417395904323 0.268907828468 0.507668925608 -0.172089079443 1.0499881286
-0.448035212106 0.000775784115804 -0.830097242931 -0.124433725965 -0.458829363486 -0.976845208339
0.569029374428 -0.335221257244 -0.28931500123 0.0776491421061 -0.345177475737 -0.093899811598
-0.364009791812 -0.084134286906 -0.299754657883 -0.4524728729 0.202482310086 -0.114047771648
-0.211566614534 0.222522059256 -0.633686927376 -0.548699805071 0.508424088329 -0.455408076665
-0.803632841644 -0.0553294412423 0.0516572477656 -0.716965123212 -0.11256448684 0.76396825969
-0.842989376665 0.4111124854 0.363088749623 -0.876977856819 0.476891275537 0.464217772617
0.678685276146 -0.111460481443 0.504317758267 1.10158249106 0.084947046434 0.813840897075
-1.55740158813 0.283367163271 0.00605657974311 -0.982236689267 0.0364280591817 0.10542297969
0.300661280104 -0.398062736106 0.225312117692 0.562563643481 0.333838943642 0.753251900898
-1.12347728817 -0.589270997019 0.974404566184 -0.825066325949 0.282625640627 1.4325018037
-1.59871307901 0.0109424686567 -1.0596842684 -1.52887446285 0.216309125041 -0.922694782276
0.298501348189 -0.294279427017 -0.0976561656718 -0.0473530691672 -0.253872161975 0.415257393777
-0.178470286335 0.781599811939 0.964651325457 -0.178470286335 0.781599811939 0.964651325457
2.94870562697 0.00218860508854 -0.306728937116 2.94870562697 0.00218860508854 -0.306728937116
-0.179837692522 -0.0337181347346 -0.841449386388 -0.200170292789 0.0302385329875 -0.753701813135
0.250822697419 0.25310879912 0.131466526154 -0.0852457159214 0.163889258398 -0.0532158529019
0.00247133427233 -0.0998887004712 0.954863187158 0.195317006221 0.352211378086 0.600279028251
-1.31143276347 -0.0281360502703 -0.928033735004 -1.31143276347 -0.0281360502703 -0.928033735004
-1.05933419266 0.0225418668839 0.0789706767402 -0.715997617221 -0.158798464428 -0.0174954418154
-0.752157619448 -0.082468985687 -0.848579607221 -0.388007671805 0.333186719163 -0.525330069744
-0.699221416806 -0.179533590241 -0.617865334799 -0.707556157806 -0.507897011164 -0.647409966363
0.382058277272 0.405365937557 -0.260840930199 1.29787283958 -0.217721307677 0.638676172114
1.60335362892 0.738993815842 2.25139624317 1.60335362892 0.738993815842 2.25139624317
-0.388007671805 0.333186719163 -0.525330069744 -0.411880751875 0.547941728288 -0.108639403762
0.0833162166592 -0.0457074046622 0.575891026782 0.414551726352 0.307260797912 0.0911394038249
0.472565138803 0.254303110866 -0.191237959432 0.359940628385 0.0905742731245 0.619671695018
0.124490596019 0.0353474394259 -0.888251421415 0.323719536729 0.415888589106 -0.868693491036
0.753633112239 0.118675004213 0.160354833598 0.604172256754 0.135387671968 0.439619446172
0.307359910675 -0.0356677545108 -0.762428789623 0.481697132993 -0.635734862218 -0.223274763101
-0.284088367222 0.0992964489996 0.14170368745 0.379209446841 0.320907188452 0.0370674848624
0.671638896588 0.119624975954 0.219647661089 0.924444254819 -0.236029025896 0.0318260502791
-1.68632545012 0.251801548004 0.982141167479 -0.753272506634 0.0144611059251 0.645743097447
-0.36335099449 -0.049857376702 -0.379252998216 -0.154142118132 -0.326584741456 -0.235494646044
0.195317006221 0.352211378086 0.600279028251 -0.313192394269 0.12690953299 0.841213769558
0.323305409918 0.233657917275 0.564079492069 0.162395721901 0.18385107865 0.646545424946
-0.663703464498 0.434102458153 0.499753377009 -0.438547087628 0.481774013897 0.3903088178
-0.298068444402 -0.981661145615 -3.64414179871 -0.298068444402 -0.981661145615 -3.64414179871
-1.8285438836 0.0202787054576 1.07057954715 -1.68632545012 0.251801548004 0.982141167479
0.496895645963 0.112945817947 1.74945969134 0.120292655248 0.0601296785048 1.80217520641
0.129445793769 -0.390290178979 -0.029323004204 0.314611862546 -0.171263067511 -0.450010301941
-0.158288779083 0.102227523212 -0.833985413874 0.132248552663 -0.00725174549044 -0.895601542388
-0.693448987119 -0.222886973895 0.817333723446 -0.850743690967 0.384233739157 0.775854223354
5.75357558668 0.457895147374 -1.06706496718 5.75357558668 0.457895147374 -1.06706496718
0.314611862546 -0.171263067511 -0.450010301941 -0.407543435925 -0.362427791153 -0.730219704144
0.115207566218 0.445471870423 -0.351064880592 -0.0449623003604 0.18649473843 -0.72285376402
-0.265634118818 0.384126455559 0.555990549063 -0.238372160055 0.232044870784 0.148502287783
1.91823764835 1.13177719567 -2.10215628342 1.91823764835 1.13177719567 -2.10215628342
0.236986881181 -0.558298333495 0.341600216603 0.858227079387 -0.172470344902 -0.0496117873542
0.527250874994 0.324848727926 -0.00923396444134 0.810455710637 -0.236079816638 -0.600440022605
2.07557069904 -0.482998881731 0.475664108278 1.82658772991 -0.681857666377 0.099084491924
-0.905587111652 -0.0831418376457 2.09698121326 -0.905587111652 -0.0831418376457 2.09698121326
-0.0598913598514 0.157441089276 -1.27324993511 -0.851058068454 0.164184368929 -1.36806736547
-0.90802927723 -0.194323172369 -0.0069366039619 -0.635380907994 0.094432468619 0.125275449413
-0.532631210649 -0.0225470459389 0.429135809107 0.0506226238753 -0.0722739646092 0.832894598992
-0.388345482789 0.146931595468 0.295983572934 -0.663703464498 0.434102458153 0.499753377009
-0.0473530691672 -0.253872161975 0.415257393777 0.208886802096 -0.386023959109 1.05429869992
-1.408249817 -0.566736336087 0.657272016377 -0.803462630951 0.110444159843 0.280679911273
-0.094641597851 -0.500516507779 0.000768450566675 -0.168232584945 0.382291146255 0.189151026775
0.491972230597 0.154541817071 -0.80893607343 0.896382843979 0.15484693469 -0.152164369802
0.171173234196 0.401552033242 0.0036458821304 0.215471562285 0.569953878509 0.269576920311
-0.23763868058 0.0744637395771 0.772290160424 -0.578095639363 -0.0228733181164 0.826375514332
-0.258326993448 0.178195489673 0.201886746555 -0.518077672904 0.31930118658 -0.377252600773
0.0433198046005 0.321414022559 -0.521116102627 0.510542289293 0.102357068405 -0.759826588249
3.03773299362 -0.167696180932 0.995691305006 3.03773299362 -0.167696180932 0.995691305006
-0.717373018679 -0.213037800642 -1.31138698908 -0.367395864932 0.162326024275 -1.84532269532
-1.20875900932 -0.169984792296 0.0796200656391 -0.665912786991 0.217244213063 -0.0177922198507
0.424181774921 0.323326381704 1.24536583657 0.23490990158 0.162453884149 1.03375918255
3.81088846304 -0.962132897424 -1.16759891709 3.81088846304 -0.962132897424 -1.16759891709
0.73958127155 -0.309128772924 0.102472349185 0.73958127155 -0.309128772924 0.102472349185
-0.602049095255 0.13391186689 0.20473330954 -0.519082149828 0.253047038829 0.611369954656
-0.122847853279 -0.488010485818 0.189534148265 -0.426698382258 -0.361480440033 0.222643539818
1.3378379239 1.01374370242 6.7942684821 1.3378379239 1.01374370242 6.7942684821
3.98561401015 -0.048108152122 -2.82337837358 3.98561401015 -0.048108152122 -2.82337837358
-1.07413167587 -0.0236450821651 -0.190558961187 -0.588639105434 0.450138474596 -0.294853101336
-2.365163032 0.639115369604 1.5546108329 -2.365163032 0.639115369604 1.5546108329
-0.831696527994 -0.368958712961 -0.457116352323 -0.823557200011 -0.115684948534 -0.786933269724
0.283405641166 0.214423467142 -0.0449306988357 -0.208672980743 0.42325928865 -0.245822402036
-1.10869682948 -0.105568068281 0.338213923169 -1.408249817 -0.566736336087 0.657272016377
0.858227079387 -0.172470344902 -0.0496117873542 1.18234289393 -0.145976850609 0.727163606402
-0.0333163934961 0.183663062842 -0.194586643744 -0.0849676719454 0.166225605742 0.296113501109
0.199154152283 0.303242036935 0.201396855237 0.377505290274 0.0489052476044 -0.023738380423
0.00366146965931 0.924681391628 0.279134320659 0.144363730012 0.299979437524 0.010703260465
-0.606365848051 0.671714891919 -0.345451050524 -0.512956707897 0.0367357266829 -0.323564854944
0.923839340216 -0.458459760955 -0.735013887982 0.923839340216 -0.458459760955 -0.735013887982
-1.21099321278 0.593728270272 -2.72445669427 -1.28037168896 0.681992759635 -2.50165683886
0.722833109014 0.181189499243 0.625551331893 0.323305409918 0.233657917275 0.564079492069
0.13444406276 0.549798239173 -0.081971279613 0.199154152283 0.303242036935 0.201396855237
-0.561762770622 -0.270981739939 -0.103605493866 -0.879897602884 -0.65730745418 0.0984485263004
0.698457018689 -0.344640879883 -1.23094619123 0.698457018689 -0.344640879883 -1.23094619123
0.0921587648554 -0.0985844520478 0.195370035288 0.0833162166592 -0.0457074046622 0.575891026782
-4.19623296685 -0.221851211158 0.165327930604 -4.19623296685 -0.221851211158 0.165327930604
0.0446799863814 0.241760764911 -0.153043702511 0.678685276146 -0.111460481443 0.504317758267
-0.670584092633 0.242178590582 0.112487276989 -0.243752770742 -0.123081975772 0.218669750425
-2.68164142555 0.320217070056 1.0307067048 -2.37521960998 0.386281704591 1.27654218301
-1.03590203335 -0.047486654449 -1.55579422951 -1.03590203335 -0.047486654449 -1.55579422951
-0.525944197932 0.141215969883 -0.0159072085101 -0.560215325483 0.345519695149 -0.0486675958755
-0.587928277109 -0.24187102117 0.0918887800908 -0.627158955465 0.0586986950503 0.394295955533
0.974401899493 0.138785459771 1.59473039647 1.20518611555 0.558418583872 1.62967756029
1.82658772991 -0.681857666377 0.099084491924 1.76624238176 -0.840714240002 0.024901752752
0.562563643481 0.333838943642 0.753251900898 0.437978011394 -0.101016907755 0.536437921514
-0.629091886296 0.097644621881 -0.210862503383 -0.396849717541 0.182062826652 -0.237018434674
-0.357329058945 -0.328782669878 -0.25900765502 -0.470374954504 0.22003054038 -0.561369631415
-0.151230846982 0.0772524964358 -1.07647355684 -0.158288779083 0.102227523212 -0.833985413874
0.470246676212 0.0342710871408 -0.557688365732 0.472565138803 0.254303110866 -0.191237959432
-0.512956707897 0.0367357266829 -0.323564854944 -0.567006312176 -0.185361267948 0.195444885208
-1.60663995004 -0.0314491444022 0.0593126421834 -0.992495664882 0.0788272062297 0.170580784457
3.18925226434 0.996483873207 -1.78573124618 3.18925226434 0.996483873207 -1.78573124618
0.296535289879 -0.278984847815 -1.091249832 0.296535289879 -0.278984847815 -1.091249832
0.62377922138 0.118340364863 -0.376734282639 -0.258326993448 0.178195489673 0.201886746555
-0.344729655287 -0.0245126093228 -0.410298716374 -0.137061306983 -0.106982200117 -0.527697573671
-0.456354366039 0.191508748634 1.03876831487 -0.0746663154329 0.18307998698 0.973138494567
-0.4524728729 0.202482310086 -0.114047771648 -0.222842090514 -0.0728765116812 0.355439146665
-0.959686299697 0.349245906519 -0.677672563778 -0.854579769584 0.0393157952698 -0.600043983439
-2.16130287018 -0.148511633833 1.19130129447 -2.68164142555 0.320217070056 1.0307067048
-0.0746663154329 0.18307998698 0.973138494567 0.496895645963 0.112945817947 1.74945969134
0.832440618539 -0.469093045378 0.00589179941559 0.828009299983 -0.103192991728 -0.496764754877
-0.746585883664 0.673388201225 0.218670523918 -0.532631210649 -0.0225470459389 0.429135809107
-0.715997617221 -0.158798464428 -0.0174954418154 -0.602049095255 0.13391186689 0.20473330954
-0.308445864259 0.017790081507 0.334141330677 -0.35095163757 0.34351449845 0.289771896801
-1.05142995284 0.185891146883 -0.305665403622 -0.959686299697 0.349245906519 -0.677672563778
-1.01404812569 -0.253673489575 -0.0776075019888 -1.01404812569 -0.253673489575 -0.0776075019888
-0.578095639363 -0.0228733181164 0.826375514332 -0.73341752648 -0.0594718834897 0.244192384447
-0.0852457159214 0.163889258398 -0.0532158529019 -0.164668850402 -0.0690567735953 -0.79560750058
0.778401328982 -0.444023148887 0.333779052111 0.898260664148 -0.532121600973 0.535437214441
0.0506226238753 -0.0722739646092 0.832894598992 0.129445793769 -0.390290178979 -0.029323004204
0.825694240088 0.130973953015 0.251061579082 0.832440618539 -0.469093045378 0.00589179941559
2.88376254549 0.250922658536 0.105661821575 2.88376254549 0.250922658536 0.105661821575
-0.750569713132 0.359362510902 -0.00908673123044 -0.752652428055 -0.0230922290145 0.532870618662
0.573511536681 -0.232092200615 0.294763378332 0.0487210557854 0.174111362471 -0.0268546160602
-0.660880897881 0.312560333812 -0.478260174851 -0.535880706558 0.16190284574 -0.882137306324
0.194292696588 0.215462808298 -0.151206806365 0.251589167402 -0.171470930116 -0.147727295827
2.56684606842 -0.645431891512 0.855189604517 2.56684606842 -0.645431891512 0.855189604517
-0.12220144802 0.268831730928 0.0479244785066 -0.223191665679 0.213610990111 -0.243667430969
0.562098264584 -0.110775358349 -0.224529378357 0.569029374428 -0.335221257244 -0.28931500123
1.76012675928 -0.793109373288 -0.0108669671897 1.17755448122 -0.0739428197934 -0.192430307879
-0.992495664882 0.0788272062297 0.170580784457 -0.403937858466 0.449082572003 0.214022844044
0.307496489153 -0.165944416564 0.246398091648 0.313817629506 -0.325244817843 -0.044847435038
2.9996644194 1.04942864188 1.39202507513 2.9996644194 1.04942864188 1.39202507513
-0.548699805071 0.508424088329 -0.455408076665 -0.698657062042 0.14259453145 -0.135044326671
-0.390036472312 -0.276690180676 -0.45911853644 -0.197520796107 0.203856104473 -0.95964330814
0.162395721901 0.18385107865 0.646545424946 -0.111257303551 0.445435838365 0.883858116592
-0.820471614674 0.116892619234 -0.534224408326 -0.660880897881 0.312560333812 -0.478260174851
-0.518077672904 0.31930118658 -0.377252600773 -0.606365848051 0.671714891919 -0.345451050524
-0.110224199242 -0.0841843942762 -0.317729083525 -0.415096625037 0.00917679059142 -0.141914073454
4.35514114253 -1.26017567296 3.84776604064 4.35514114253 -1.26017567296 3.84776604064
-0.208566846183 -0.0683975539842 0.122012135949 -0.265634118818 0.384126455559 0.555990549063
1.18953460628 0.560412157249 1.57320616675 0.974401899493 0.138785459771 1.59473039647
0.0487210557854 0.174111362471 -0.0268546160602 0.335084049031 -0.0167731908112 0.121856003587
-0.48767918439 -0.0747837704253 0.0714500426982 -0.48767918439 -0.0747837704253 0.0714500426982
-0.315247016928 0.0292815753168 1.02310561426 0.00247133427233 -0.0998887004712 0.954863187158
0.526272519436 0.184275187819 -0.187279659656 -0.0333163934961 0.183663062842 -0.194586643744
-0.401983293858 0.312753042909 0.749788943069 -0.115022425328 0.122962252919 1.24422672716
-0.222130601516 -0.165168987933 1.33195485368 -0.222130601516 -0.165168987933 1.33195485368
0.551463845121 -0.0480300979942 -0.0218658299627 0.886944965467 -0.142308449796 -0.307433481748
-0.495869775785 0.118638314826 0.162327588036 -0.803632841644 -0.0553294412423 0.0516572477656
1.42480667462 -0.209065660607 0.514087374509 1.76012675928 -0.793109373288 -0.0108669671897
-2.06337903852 -0.415660984775 1.43648116659 -2.06337903852 -0.415660984775 1.43648116659
0.274023483744 -0.31308969114 -0.12262095089 0.416001899343 0.101798188582 -0.190948350184
-0.438193620119 0.00416758367772 1.10702121484 -0.665812526125 0.24994738495 1.47010023231
-0.880135592361 -0.393822420207 -0.955316491985 -0.819480865031 -0.125373067834 -1.59777029824
-0.238372160055 0.232044870784 0.148502287783 -0.36335099449 -0.049857376702 -0.379252998216
1.90214647257 0.199394705535 -1.85660050529 1.90214647257 0.199394705535 -1.85660050529
-0.862263910041 0.012881805034 -0.0669848963879 -0.364009791812 -0.084134286906 -0.299754657883
0.186193621243 0.147134662491 -0.164252441538 0.274023483744 -0.31308969114 -0.12262095089
-0.223191665679 0.213610990111 -0.243667430969 -0.0794188491868 0.130240652905 -0.516098916471
-1.08411423363 -0.34207079617 -2.76244244862 -1.08411423363 -0.34207079617 -2.76244244862
-0.403744625526 0.165882081636 -0.867796834593 -0.350220699929 -0.283421355925 -0.279459433337
-0.483210437511 0.5043541885 0.235272215255 -0.528931138282 0.394255723326 -0.0211663906903
-1.14562966835 -0.192399171733 -0.153183522946 -1.66594864139 -0.198278604827 -0.332281521694
-4.40392825414 -0.553727167977 -0.629328637182 -3.94043402893 -0.54989829416 -0.775747517988
0.0878574314064 -0.438657979457 3.78882035978 0.0878574314064 -0.438657979457 3.78882035978
0.347631873599 -0.160610860396 -0.727094432507 0.0331712921577 -0.220883050082 -0.792460389128
-0.629211756805 0.277214788169 0.161342068329 -0.65954135628 -0.110570524313 0.422365580759
-0.982236689267 0.0364280591817 0.10542297969 0.0614704665514 -0.00815644042884 -0.333328657926
0.105057912213 -0.320470862883 0.772839499811 0.438657922466 0.273223973029 0.720788651351
-1.46692686068 0.0725091633418 -1.01318754848 -1.59871307901 0.0109424686567 -1.0596842684
1.20256353642 -0.484796823983 2.62589376181 1.20256353642 -0.484796823983 2.62589376181
-0.200230849991 0.789202798488 0.452402321449 -0.0175516947993 0.618584166552 -0.33768708495
-0.88631204878 -0.554511013364 -0.0562899308158 -0.872744886427 0.245729759601 0.225636099213
-0.426698382258 -0.361480440033 0.222643539818 -0.267836108173 -0.0758101010795 -0.406359491156
-1.10994554586 -0.530008882762 -0.339295431992 -1.33213637231 -0.0383362730489 -0.772317386551
-0.188987465402 0.312264664337 0.544249003187 0.171173234196 0.401552033242 0.0036458821304
0.208886802096 -0.386023959109 1.05429869992 0.11958740247 0.50317767565 1.09042057171
-0.138232923744 0.105122159758 0.969382426526 -0.438193620119 0.00416758367772 1.10702121484
0.510542289293 0.102357068405 -0.759826588249 0.124490596019 0.0353474394259 -0.888251421415
-0.329787921546 0.219232867563 -0.507659346772 -0.602466124556 0.504045489865 -0.461901886522
-1.18271985216 -0.0748546035292 0.389747295649 -1.20875900932 -0.169984792296 0.0796200656391
-0.602466124556 0.504045489865 -0.461901886522 -1.12722021738 0.60407874983 -0.740200994574
-0.714481829882 -0.154185792629 0.0637170070825 -0.675363765722 -0.200252120192 -0.344963220529
0.5696274477 -0.322285675223 -0.40030303388 0.173449938234 -0.195865087494 -0.234294414427
0.23490990158 0.162453884149 1.03375918255 0.300661280104 -0.398062736106 0.225312117692
-0.483716052821 0.227122230206 -0.373482904831 -0.344729655287 -0.0245126093228 -0.410298716374
0.478675688576 -0.252760236989 0.398832105944 0.250293757451 0.159373995744 0.515631854297
-0.491772719585 0.0633013368506 -0.633939887294 -0.714481829882 -0.154185792629 0.0637170070825
-0.675363765722 -0.200252120192 -0.344963220529 -1.42815612486 0.168081033858 -0.467363726204
3.03737804466 0.704690607618 1.14279540473 3.03737804466 0.704690607618 1.14279540473
-0.222726593817 -0.586607398628 -2.93195539401 -0.222726593817 -0.586607398628 -2.93195539401
-0.42351099588 0.940576211129 -0.056701245935 -0.340988430271 0.71154380663 0.0557493578631
-0.867369967356 0.342516217824 -5.60755320413 -0.867369967356 0.342516217824 -5.60755320413
-3.94043402893 -0.54989829416 -0.775747517988 -4.40392825414 -0.553727167977 -0.629328637182
0.706969340404 -0.263050672404 0.143789877886 0.778401328982 -0.444023148887 0.333779052111
0.11958740247 0.50317767565 1.09042057171 -0.456354366039 0.191508748634 1.03876831487
-0.588639105434 0.450138474596 -0.294853101336 -0.552684684506 -0.273429901805 -0.182947699505
0.282285235813 -0.141100885964 0.360233810054 0.236986881181 -0.558298333495 0.341600216603
-0.143487763018 -0.325603747453 -0.523302023095 -0.249667954684 0.0133401444774 -0.699792955338
-1.30577389323 0.147760603238 0.367615426812 -1.12347728817 -0.589270997019 0.974404566184
