0.186447017374 -0.183741107448 -0.888466310786 -0.3382153804 -1.00528973863 -0.29554557909
1.28063145931 -0.550803660356 0.267026062221 0.697057338517 -0.486844978606 0.861577588835
-0.87609419238 -0.667956924936 -2.72560180685 -0.87609419238 -0.667956924936 -2.72560180685
1.20395430768 -0.735936192031 0.48234407638 1.20395430768 -0.735936192031 0.48234407638
2.25255637866 -1.95389005257 -0.135237000608 2.25255637866 -1.95389005257 -0.135237000608
-0.770892762796 -0.119047887424 0.364150642564 -0.402146205121 0.495256169326 0.178633609157
0.558273055054 0.260191416941 0.511215403248 -0.150845202766 0.110655373812 -0.054416493282
-1.08727372559 -1.07237412722 -1.99778959871 -1.08727372559 -1.07237412722 -1.99778959871
-0.025863077771 0.560507683996 3.52188006497 -0.025863077771 0.560507683996 3.52188006497
-0.0365930205518 -0.875245441429 0.87722003209 0.228693776147 -0.1125402899 0.22523283363
3.43007505762 -0.117247526319 0.689076511465 3.72963111358 0.0911283402351 1.27555048085
0.0733651906138 1.20594261977 1.69363412102 0.0733651906138 1.20594261977 1.69363412102
-0.0865817234957 0.587404886552 0.187702953576 -0.770892762796 -0.119047887424 0.364150642564
2.01434263162 -0.203187227139 1.2475811645 2.01434263162 -0.203187227139 1.2475811645
-1.34301554585 2.13833505068 0.89985962743 -1.34301554585 2.13833505068 0.89985962743
-0.614447616818 1.03393921868 -3.24050351932 -0.614447616818 1.03393921868 -3.24050351932
-0.00617628727553 -2.4471626737 1.32005879204 -0.00617628727553 -2.4471626737 1.32005879204
-2.12219757657 -1.02153957645 -0.675371318063 -2.12219757657 -1.02153957645 -0.675371318063
-1.56174616661 -0.376137750644 0.0116275828182 -1.56174616661 -0.376137750644 0.0116275828182
0.0738436384852 -0.925649655695 0.155188050706 0.0738436384852 -0.925649655695 0.155188050706
-1.21210131499 -0.599669978284 1.96887126522 -1.25347824009 -0.383152991062 2.08665294554
1.27470785431 0.198933985114 0.366330951091 1.48350568654 0.593605269348 0.587209408501
3.63495977931 1.30118324745 0.451006610813 3.63495977931 1.30118324745 0.451006610813
0.228693776147 -0.1125402899 0.22523283363 -0.273975648957 0.0937477130494 -0.851697603652
-0.189034671591 -0.217930977557 -2.72058094177 -0.189034671591 -0.217930977557 -2.72058094177
-0.416827415918 -1.32963560616 -0.224178465468 -0.498347831195 -1.37181018196 0.335559041182
-1.42187033233 0.228170286019 -1.43240164635 -1.42187033233 0.228170286019 -1.43240164635
-0.178061588342 -0.995178494215 1.09510515344 -0.178061588342 -0.995178494215 1.09510515344
-1.68834194771 0.383986032715 -2.33644425747 -1.68834194771 0.383986032715 -2.33644425747
-0.0139860419271 -1.09707008933 -0.51845282764 -0.0130194760168 -1.11358000833 -1.08448163312
1.48350568654 0.593605269348 0.587209408501 1.27470785431 0.198933985114 0.366330951091
-0.164413098872 2.71038548235 -2.34221932252 -0.164413098872 2.71038548235 -2.34221932252
-0.0130194760168 -1.11358000833 -1.08448163312 -0.416827415918 -1.32963560616 -0.224178465468
0.499730316822 0.595622139573 1.33200350244 0.558067165415 0.232927179489 1.1110023009
-0.839872560421 -0.104330773222 -2.09436034922 -0.839872560421 -0.104330773222 -2.09436034922
1.20395819451 1.42092647549 0.315955735114 1.20395819451 1.42092647549 0.315955735114
-0.150845202766 0.110655373812 -0.054416493282 -0.259264729991 0.328344721653 0.987033033763
0.0440522753862 0.171748322394 1.06066235966 0.790162808944 0.361241182507 0.756334419132
-1.38624402577 -2.05180522057 -0.410431901382 -1.38624402577 -2.05180522057 -0.410431901382
-0.273975648957 0.0937477130494 -0.851697603652 -0.0865817234957 0.587404886552 0.187702953576
-0.353415615665 -0.22093716906 1.12812317291 -0.353415615665 -0.22093716906 1.12812317291
-1.10159955843 -0.91040770773 2.15245571468 -1.10159955843 -0.91040770773 2.15245571468
1.4525137632 -2.38906473602 0.756484791017 1.4525137632 -2.38906473602 0.756484791017
0.57091234282 1.0220850357 -2.04114893705 0.57091234282 1.0220850357 -2.04114893705
-0.259264729991 0.328344721653 0.987033033763 0.0440522753862 0.171748322394 1.06066235966
-1.70101531643 3.34944647411 -2.20396967427 -1.70101531643 3.34944647411 -2.20396967427
0.562932227572 1.3723591591 0.124308371263 0.562932227572 1.3723591591 0.124308371263
0.337326459123 2.32561242782 1.69785684455 0.337326459123 2.32561242782 1.69785684455
-1.25347824009 -0.383152991062 2.08665294554 -1.21210131499 -0.599669978284 1.96887126522
1.57470365363 1.44246368695 -0.152181973529 1.57470365363 1.44246368695 -0.152181973529
1.13055594998 0.176574035208 0.24871096412 1.13055594998 0.176574035208 0.24871096412
2.81865168208 -1.39451551509 2.79017419119 2.81865168208 -1.39451551509 2.79017419119
0.790162808944 0.361241182507 0.756334419132 0.558273055054 0.260191416941 0.511215403248
-1.3485902223 -1.40801031413 -2.50528613546 -1.3485902223 -1.40801031413 -2.50528613546
-1.57302673379 -2.57341205528 1.88861080133 -1.57302673379 -2.57341205528 1.88861080133
1.31172513834 1.80475345586 0.824494109865 1.31172513834 1.80475345586 0.824494109865
1.32880506525 1.53951557527 -1.47612619706 1.32880506525 1.53951557527 -1.47612619706
3.72963111358 0.0911283402351 1.27555048085 3.43007505762 -0.117247526319 0.689076511465
-0.402146205121 0.495256169326 0.178633609157 0.186447017374 -0.183741107448 -0.888466310786
-0.498347831195 -1.37181018196 0.335559041182 -0.0365930205518 -0.875245441429 0.87722003209
0.558067165415 0.232927179489 1.1110023009 0.499730316822 0.595622139573 1.33200350244
-0.420169334032 0.76881268575 -2.15782136572 -0.420169334032 0.76881268575 -2.15782136572
-0.3382153804 -1.00528973863 -0.29554557909 -0.0139860419271 -1.09707008933 -0.51845282764
0.697057338517 -0.486844978606 0.861577588835 1.28063145931 -0.550803660356 0.267026062221
