2.73655208419 2.94260619651 0.530135202563 2.73655208419 2.94260619651 0.530135202563
0.598062400026 1.35054232862 0.177733584023 0.548099026531 1.14491688631 0.0307838785065
-3.55615396388 3.13531284896 -0.346457729713 -3.55615396388 3.13531284896 -0.346457729713
0.15888408019 0.113206515949 0.305551650932 0.317041877225 0.359054120197 -0.0836910515809
0.733306942228 1.15777513636 -0.466728516256 0.158798876205 0.557831650225 -0.846081762876
0.288785433026 -1.56222054074 1.85257913741 -0.131464593145 -1.28599417439 2.50292546158
1.04468054782 0.977737309089 1.76207607574 1.04468054782 0.977737309089 1.76207607574
0.817689180731 1.71004254841 0.638977972107 0.817689180731 1.71004254841 0.638977972107
-1.77564070857 1.37241228607 -0.830476634818 -1.77564070857 1.37241228607 -0.830476634818
1.56581863547 0.188603463228 2.81380753642 1.56581863547 0.188603463228 2.81380753642
-0.441015527294 -0.00469192083056 -0.0532596332411 -0.605468437481 -0.246553800134 0.157708582463
1.85129142109 -0.14758598447 0.199592895078 1.85129142109 -0.14758598447 0.199592895078
3.36924969433 2.1388286953 -5.04233253277 3.36924969433 2.1388286953 -5.04233253277
0.930817489392 -1.49153300282 0.0625621059498 1.3091049553 -1.56767326005 -0.573859985105
-0.803932866264 0.969342557345 0.509650051252 -0.803932866264 0.969342557345 0.509650051252
5.94060878524 -2.72237312512 1.91659912474 5.94060878524 -2.72237312512 1.91659912474
1.33429659822 1.45340384678 -1.5575295807 1.33429659822 1.45340384678 -1.5575295807
4.53485102836 1.96521986718 1.92322029817 4.53485102836 1.96521986718 1.92322029817
2.5099952515 4.97446323137 -3.3730252346 2.5099952515 4.97446323137 -3.3730252346
-1.58649580881 0.990813971703 2.87473473423 -1.58649580881 0.990813971703 2.87473473423
0.873693842885 -0.121919914184 -0.402009261423 1.64301533488 0.0864309770599 -0.55293167649
-1.28634255521 1.15207094918 3.72675820537 -1.28634255521 1.15207094918 3.72675820537
-2.39646260549 -1.62557780744 0.605683102284 -2.39646260549 -1.62557780744 0.605683102284
-2.3471664765 -0.0693448778363 -3.9063299908 -2.3471664765 -0.0693448778363 -3.9063299908
-2.48864230043 5.35457395714 2.39368944305 -2.48864230043 5.35457395714 2.39368944305
3.51961963996 -1.98438826434 -2.54187304952 3.78622778647 -1.56671831116 -2.78857771106
0.514380566436 -4.1548439759 -0.765736511948 0.514380566436 -4.1548439759 -0.765736511948
1.01839614457 1.17700365644 5.50459602314 1.01839614457 1.17700365644 5.50459602314
-1.93329748157 -4.85776247165 2.59702291921 -1.93329748157 -4.85776247165 2.59702291921
0.801798054995 -0.393293594355 -2.23140674295 0.801798054995 -0.393293594355 -2.23140674295
2.33921542085 1.71485223925 0.108226498524 2.33921542085 1.71485223925 0.108226498524
6.16605555538 1.94624327787 -1.38321806659 6.16605555538 1.94624327787 -1.38321806659
0.82998361988 0.156380287299 0.158937392931 0.700440203371 1.0731649373 0.165498858642
-0.909491941681 2.15345535095 0.906360252086 -0.909491941681 2.15345535095 0.906360252086
0.176110650324 1.11951659084 -2.65997117955 -0.186313107119 1.06708369627 -2.97042361543
-2.77759226897 3.90354916887 -2.30553691381 -2.77759226897 3.90354916887 -2.30553691381
0.994897354699 -0.22827123245 -1.41135298943 0.867274058782 -0.350836011432 -1.20956901289
-0.0195266773648 -2.96213547246 -1.27741102876 -0.0195266773648 -2.96213547246 -1.27741102876
-6.32268962772 -3.81973568421 -3.43532177378 -6.32268962772 -3.81973568421 -3.43532177378
2.18354018036 -3.69271168315 2.07219117002 2.18354018036 -3.69271168315 2.07219117002
1.53711128433 1.74906137308 -1.10502495869 1.63180174867 2.19155447108 -1.33644410725
-2.89300043082 -4.14603484295 2.39052427398 -2.89300043082 -4.14603484295 2.39052427398
-1.40673476365 0.756173763836 3.08556369051 -1.40673476365 0.756173763836 3.08556369051
2.54665935448 2.90634787843 -2.50636870107 2.54665935448 2.90634787843 -2.50636870107
0.623587223926 -0.23308641892 -0.75587257283 0.251351071183 0.130526610823 -0.95893079102
3.09002798604 -0.932321764207 1.12300396374 3.09002798604 -0.932321764207 1.12300396374
0.990385196516 1.94928976432 -1.60835367385 0.990385196516 1.94928976432 -1.60835367385
1.13424785442 1.30241325414 0.39025197971 1.37922300158 0.49941136688 0.445675376194
-0.760737663421 1.76418442115 0.00311240104714 -0.92425457076 1.86813862376 -0.0551905020945
-1.35131800328 -3.17352211922 -3.60625232757 -1.35131800328 -3.17352211922 -3.60625232757
-1.90265788115 1.8642684559 -1.60289131144 -1.90265788115 1.8642684559 -1.60289131144
0.172127857407 4.49616601584 0.687984299375 0.172127857407 4.49616601584 0.687984299375
1.67750412197 -2.31878193347 3.72050113172 1.67750412197 -2.31878193347 3.72050113172
-1.61853187271 2.84498545575 1.01393350209 -1.61853187271 2.84498545575 1.01393350209
-3.11430974527 -0.576880133392 0.752122696601 -3.11430974527 -0.576880133392 0.752122696601
0.099845279473 0.670421392434 -0.346581606541 0.536300870125 1.05528533435 0.155785419694
-1.63096677174 -4.16345249663 1.94138024364 -1.75329633663 -3.80987627122 1.61046708356
-3.02297686227 -1.14554659667 0.359525239533 -2.89809376002 -1.22442946799 0.222993970456
3.20480729364 1.03613528417 1.30362453282 3.20480729364 1.03613528417 1.30362453282
1.14472142239 4.58244217613 1.6411431879 1.14472142239 4.58244217613 1.6411431879
0.365080314697 -1.91403412263 -0.859812628369 -0.284537805595 -1.94849873508 -1.53673682638
4.97721252213 1.63528755347 0.42907107453 4.97721252213 1.63528755347 0.42907107453
1.2258559268 -0.347910010473 4.59589601944 1.2258559268 -0.347910010473 4.59589601944
1.54101552051 0.297919883141 -2.63142294975 1.54101552051 0.297919883141 -2.63142294975
0.633546771752 -1.69879610508 -0.778050128837 0.633546771752 -1.69879610508 -0.778050128837
1.97369827049 0.147137447177 -0.466354579808 1.97369827049 0.147137447177 -0.466354579808
-2.52065958485 0.813090643904 0.80182689863 -2.52065958485 0.813090643904 0.80182689863
3.0545737323 -0.441994979106 -0.176195843789 3.0545737323 -0.441994979106 -0.176195843789
1.66646242556 3.59373930225 2.73651703863 1.66646242556 3.59373930225 2.73651703863
0.0242078940017 -4.57712862062 1.41896875647 0.0242078940017 -4.57712862062 1.41896875647
0.137368807795 0.605095054829 -0.0915051679461 0.342260646054 0.945540564658 -0.439575826598
1.50164728909 -2.22859339374 1.99810651942 1.50164728909 -2.22859339374 1.99810651942
1.64225787857 3.64650556834 -1.3795059071 1.64225787857 3.64650556834 -1.3795059071
0.534161170073 0.393694168885 0.530483987938 0.384998080546 0.566975490063 0.375862890088
0.824757408122 1.60706462977 -3.59884764718 0.824757408122 1.60706462977 -3.59884764718
-0.54309078414 -3.66622889038 0.758557817009 -0.54309078414 -3.66622889038 0.758557817009
0.595672399892 1.09565557537 -0.551031243631 0.114986199333 1.21786365857 -0.607830325341
-3.09226097032 2.48467222927 3.72668183451 -3.09226097032 2.48467222927 3.72668183451
0.381160610988 -3.74159549289 -3.51301402757 0.381160610988 -3.74159549289 -3.51301402757
1.08893993236 5.92034393197 -1.85532500138 1.08893993236 5.92034393197 -1.85532500138
-1.54136112217 2.14151626383 -1.88656580886 -1.54136112217 2.14151626383 -1.88656580886
1.69426222064 1.21595948285 0.201052728896 1.13424785442 1.30241325414 0.39025197971
0.121087966174 0.273119542481 -3.05679373538 0.0543899609726 -0.63987425195 -2.58672809202
-1.6256236353 -1.43145654392 -2.98399828704 -1.6256236353 -1.43145654392 -2.98399828704
-0.693601479593 0.056406279059 0.168513085445 -0.693601479593 0.056406279059 0.168513085445
0.102319633779 -2.51806655574 0.624121659073 0.102319633779 -2.51806655574 0.624121659073
-0.737726703032 0.169503952211 -0.692951209737 -0.737726703032 0.169503952211 -0.692951209737
3.61996321149 -0.705408439197 1.04229469145 3.61996321149 -0.705408439197 1.04229469145
1.5451679542 -1.28064900279 3.47541532302 1.5451679542 -1.28064900279 3.47541532302
-0.117479051767 -1.0018553053 -0.627113884812 0.431777247567 -1.31492508301 -0.620997077142
1.16152845551 5.33458736915 3.51914173014 1.16152845551 5.33458736915 3.51914173014
-2.55791994111 -7.21514051328 0.144742719156 -2.55791994111 -7.21514051328 0.144742719156
-1.48685575433 -0.958525647531 -0.971763762817 -0.702706811139 -1.06586487776 -1.03107151367
-1.64107939728 -0.167121495757 -0.673704909951 -0.988699705035 -0.514103880348 -0.965444811458
-1.9889870667 -1.05014198305 2.24637538432 -1.9889870667 -1.05014198305 2.24637538432
1.3091049553 -1.56767326005 -0.573859985105 1.4562694906 -1.22579955297 -0.13305325597
0.328472380441 -2.66396675041 -1.92090273248 0.328472380441 -2.66396675041 -1.92090273248
0.437123467095 1.1849512974 1.86329587092 0.437123467095 1.1849512974 1.86329587092
-1.55310328683 -1.75695503425 -1.01644052476 -1.55310328683 -1.75695503425 -1.01644052476
-1.12515739438 1.11762693348 -0.973010649471 -1.12515739438 1.11762693348 -0.973010649471
-0.0120357525005 -1.33690163875 0.784418186479 -0.547896820963 -1.25014360152 0.578213831898
-0.331836536024 -1.9692377837 -0.505607437771 -0.331836536024 -1.9692377837 -0.505607437771
1.64301533488 0.0864309770599 -0.55293167649 1.40980875752 0.359834591466 -0.581380372425
-2.89809376002 -1.22442946799 0.222993970456 -3.02297686227 -1.14554659667 0.359525239533
4.21617540335 -1.40716164504 -4.10662410056 4.21617540335 -1.40716164504 -4.10662410056
2.04418161199 3.8340960169 -1.08002972843 2.04418161199 3.8340960169 -1.08002972843
2.30722409667 -2.70415394533 -0.120416672858 2.52345261101 -2.52699106884 -0.0395367754913
-0.100031044435 -0.507194780283 -0.479005643863 -0.206529427524 -1.3149872484 -0.399830097567
-3.52760645323 -2.07044972504 -2.71248016255 -3.52760645323 -2.07044972504 -2.71248016255
-0.658260968092 0.724630611696 3.21127247995 -0.658260968092 0.724630611696 3.21127247995
4.89598223907 1.70848172371 3.27105904687 4.62900318623 1.57604926375 3.6315399515
-1.08170924564 -0.117362408393 -1.51074283721 -1.65322407832 0.358211174069 -1.0733098499
-0.820889772122 0.0389423923093 0.0337297257354 -0.739774769866 0.12447843505 -0.211402945168
-0.0238614400965 0.787696488908 -0.133245464181 -0.309724547164 0.313985710781 -0.00444844151077
-2.98629246518 -1.03599242767 0.217492079226 -2.98629246518 -1.03599242767 0.217492079226
-2.31015273192 -0.781366609992 3.4720344661 -2.31015273192 -0.781366609992 3.4720344661
-3.22927951135 0.481720834878 -3.67754264524 -3.22927951135 0.481720834878 -3.67754264524
-1.50676485539 -0.150563875246 0.200261957285 -1.50676485539 -0.150563875246 0.200261957285
0.0416578391993 0.530808292777 -2.28988158885 0.0416578391993 0.530808292777 -2.28988158885
0.534838709097 -0.428610124011 -0.706487493097 0.702847274482 -0.268098964876 -1.24715838966
0.219503579475 4.26170427409 0.233125478827 0.219503579475 4.26170427409 0.233125478827
-4.30525004542 -1.35879984455 0.812015786178 -4.30525004542 -1.35879984455 0.812015786178
2.01937222695 2.54356720918 -2.76661706066 2.01937222695 2.54356720918 -2.76661706066
2.19837667028 2.51960786872 -0.199993639845 2.19837667028 2.51960786872 -0.199993639845
-1.90144376197 2.44505985847 4.22626424537 -1.90144376197 2.44505985847 4.22626424537
1.86500060362 -3.84763864922 -0.753811640382 1.86500060362 -3.84763864922 -0.753811640382
0.207228757265 -1.20570079354 -2.85080141961 0.207228757265 -1.20570079354 -2.85080141961
0.0533190424812 0.382280774881 0.149889346222 0.368196755845 0.482262397785 -0.197227576693
4.53064252849 -3.69579300951 -1.42555651401 4.53064252849 -3.69579300951 -1.42555651401
-3.9583999348 2.3194036175 1.32792128892 -3.9583999348 2.3194036175 1.32792128892
-2.05375318222 2.40380431514 -0.777456667915 -2.05375318222 2.40380431514 -0.777456667915
-1.81215181003 0.20407256822 -1.54060343379 -1.81215181003 0.20407256822 -1.54060343379
0.492914434998 -0.722754995316 -1.12470319549 0.240031698061 -0.52987455739 -0.613242192872
5.18079858109 -2.81782862141 -0.0239218969288 5.18079858109 -2.81782862141 -0.0239218969288
2.86124461708 0.94095943364 1.99753483717 2.86124461708 0.94095943364 1.99753483717
1.5231399254 -1.74304279288 1.57749878874 1.5231399254 -1.74304279288 1.57749878874
0.885209557199 2.91222876663 -3.36670532782 0.885209557199 2.91222876663 -3.36670532782
1.54678435846 -5.87687656683 -3.53587127821 1.54678435846 -5.87687656683 -3.53587127821
-0.919548134023 -1.38558158491 0.168130025039 -0.126893367493 -1.89009885113 0.268225757062
1.99472087333 0.464497162285 -0.118199163729 1.99472087333 0.464497162285 -0.118199163729
0.667761939632 1.0502554552 -4.16292999296 0.667761939632 1.0502554552 -4.16292999296
-2.28474960095 -0.446318124752 -2.28946337212 -2.66087671742 -0.993746713373 -2.42820713248
4.58983565971 -1.63594004237 -3.43834424742 4.58983565971 -1.63594004237 -3.43834424742
4.35998977925 1.97458137833 -1.41577981311 4.35998977925 1.97458137833 -1.41577981311
2.45231499608 -1.43019411173 -1.23786868201 2.36743162438 -1.50954630644 -1.0562711484
1.18683899771 0.2672681966 2.60405208348 1.18683899771 0.2672681966 2.60405208348
-0.346746717377 3.02460478922 -0.228813885348 -0.346746717377 3.02460478922 -0.228813885348
-2.9210075993 1.38722472464 0.120613611572 -2.9210075993 1.38722472464 0.120613611572
0.258161364622 0.0765153835655 -0.037224126327 0.258161364622 0.0765153835655 -0.037224126327
4.71600435379 1.58955905566 1.35741336067 4.71600435379 1.58955905566 1.35741336067
0.785600353673 0.651599544607 -1.52121115918 0.785600353673 0.651599544607 -1.52121115918
2.7681218291 -4.39018340294 1.02023711873 2.7681218291 -4.39018340294 1.02023711873
-3.61727825448 0.533915239468 -1.76773984497 -3.61727825448 0.533915239468 -1.76773984497
-1.40675982712 -0.504178393772 1.60088096249 -1.40675982712 -0.504178393772 1.60088096249
-0.146211315305 0.0174517489893 -0.42901747646 0.15888408019 0.113206515949 0.305551650932
-3.3789480093 1.8625414654 0.0221993595276 -3.3789480093 1.8625414654 0.0221993595276
-3.12284997247 1.04506455407 -3.92125609587 -3.12284997247 1.04506455407 -3.92125609587
-1.36074205304 -2.65738107251 -0.976690255849 -1.36074205304 -2.65738107251 -0.976690255849
-1.18382920422 0.346300245887 -0.857177635085 -1.18382920422 0.346300245887 -0.857177635085
4.51046360654 -3.65412143329 -1.48279532724 4.51046360654 -3.65412143329 -1.48279532724
3.03082314346 -1.89809183277 -2.56154790866 3.1309991776 -1.98314521591 -2.89438219334
-1.29884654245 2.97109554097 -1.12877527652 -1.29884654245 2.97109554097 -1.12877527652
0.536300870125 1.05528533435 0.155785419694 0.030482882478 0.844260980124 1.04722558901
-1.27923891009 -2.03029647863 -0.576128470084 -1.27923891009 -2.03029647863 -0.576128470084
0.924398937069 -1.34200599704 0.687525579874 0.817622659271 -1.2792913944 0.700615078691
-4.42963027554 -1.86242226406 -2.75912482722 -4.42963027554 -1.86242226406 -2.75912482722
-2.66483866136 0.48312611879 1.26314140813 -2.66483866136 0.48312611879 1.26314140813
-3.23058610368 -3.2920646508 -1.79410581208 -3.23058610368 -3.2920646508 -1.79410581208
-0.156783078936 3.0631049048 3.49827896688 -0.156783078936 3.0631049048 3.49827896688
-0.979134693638 0.932031009511 1.66640981612 -0.979134693638 0.932031009511 1.66640981612
-0.0791962782575 0.97706234647 0.16115770869 0.598062400026 1.35054232862 0.177733584023
1.34427741253 2.95182936099 -2.91278665502 1.34427741253 2.95182936099 -2.91278665502
1.23881899926 2.56468894001 3.09665778962 1.23881899926 2.56468894001 3.09665778962
1.15493734926 1.64638413835 0.451683458071 1.15493734926 1.64638413835 0.451683458071
-0.299193041418 0.759775491297 0.00151161515469 -0.79944778826 0.100541222424 0.249837586476
0.669010060829 0.500924561122 -0.49298793248 0.425873667147 1.13322679483 -0.171154362241
-4.5250760255 2.85189390768 1.34315395614 -4.5250760255 2.85189390768 1.34315395614
-2.78802105636 -2.61423521449 -1.49629790408 -2.78802105636 -2.61423521449 -1.49629790408
0.867274058782 -0.350836011432 -1.20956901289 0.669010060829 0.500924561122 -0.49298793248
-1.9147542559 -2.22943049733 1.0959149527 -1.9147542559 -2.22943049733 1.0959149527
0.18169984592 -0.669736875154 -0.184186928166 -0.199167271216 -0.50310238333 -0.188772786291
-0.923365292539 1.79304785917 -1.28423053541 -0.923365292539 1.79304785917 -1.28423053541
3.01771772864 -1.62122968288 -1.98302278214 3.23702401652 -1.464633959 -2.00540575188
-0.590598252782 -0.0906165255933 -1.26966102028 -0.590598252782 -0.0906165255933 -1.26966102028
0.700440203371 1.0731649373 0.165498858642 1.69426222064 1.21595948285 0.201052728896
0.368196755845 0.482262397785 -0.197227576693 0.623587223926 -0.23308641892 -0.75587257283
-5.30105843781 -3.30382283443 -1.46286327845 -5.30105843781 -3.30382283443 -1.46286327845
-0.155121217876 2.13304125524 -0.556584301899 -0.155121217876 2.13304125524 -0.556584301899
-4.11565670665 0.386123002895 2.57685170616 -4.11565670665 0.386123002895 2.57685170616
-3.10313127946 -2.35538391933 -0.417276163288 -3.21575687093 -2.38241587429 -0.286731556643
0.158798876205 0.557831650225 -0.846081762876 0.313977248112 0.245013244708 -0.82831415342
0.727466659791 2.9486050281 -4.06858082148 0.727466659791 2.9486050281 -4.06858082148
1.78055119747 1.56640650871 0.687408622941 1.78055119747 1.56640650871 0.687408622941
-0.138982307742 -1.93874065741 0.394594683761 -0.138982307742 -1.93874065741 0.394594683761
0.220426728064 -2.94799766351 -0.212771070122 0.220426728064 -2.94799766351 -0.212771070122
0.159517853602 4.92702017868 1.25717806863 0.247114241063 5.17541624435 1.24895192429
-2.29557445765 1.01482973721 -0.369824020802 -2.29557445765 1.01482973721 -0.369824020802
-2.9302593154 -0.641531504978 2.39042421109 -2.9302593154 -0.641531504978 2.39042421109
0.0707879463034 -1.65636413593 3.25087962328 0.0707879463034 -1.65636413593 3.25087962328
2.86501888696 0.954753325972 -5.8854003683 2.86501888696 0.954753325972 -5.8854003683
-0.455296916212 4.83717062696 -8.27507833059 -0.455296916212 4.83717062696 -8.27507833059
0.303091902911 -0.366295144483 -0.49987479278 0.492022359797 -0.346008445393 -0.437466672659
-0.508291878797 1.10125515899 0.70093370024 0.242387646503 1.07396596348 0.795182651839
-0.739774769866 0.12447843505 -0.211402945168 -0.67466071405 -0.10992116109 -0.227499972677
1.23951777101 -1.06258649471 -0.517006054483 1.23951777101 -1.06258649471 -0.517006054483
4.41018014623 5.14864045993 3.98639986087 4.41018014623 5.14864045993 3.98639986087
-0.702706811139 -1.06586487776 -1.03107151367 0.156459236177 -1.11954604664 -1.04371762862
1.67688874059 4.40271563907 -0.906408299328 1.67688874059 4.40271563907 -0.906408299328
1.36825199017 6.60338122612 3.75898096479 1.36825199017 6.60338122612 3.75898096479
3.6685655233 -1.9141799914 1.48958817231 3.6685655233 -1.9141799914 1.48958817231
0.980064736017 0.000892936861304 -1.77807290778 0.994897354699 -0.22827123245 -1.41135298943
2.56813411972 -1.26438228638 -2.17771727711 2.56813411972 -1.26438228638 -2.17771727711
-0.33353104186 -2.0293844713 -0.410024317635 -0.33353104186 -2.0293844713 -0.410024317635
2.99745804004 -0.162360250926 1.17279149395 2.99745804004 -0.162360250926 1.17279149395
-4.42317970686 2.79446718443 -4.20741646703 -4.42317970686 2.79446718443 -4.20741646703
-3.55531074913 -1.54014735793 -1.9986823591 -3.55531074913 -1.54014735793 -1.9986823591
3.23702401652 -1.464633959 -2.00540575188 3.01771772864 -1.62122968288 -1.98302278214
-2.66087671742 -0.993746713373 -2.42820713248 -2.59248585705 -0.971562103732 -2.02947880327
0.251351071183 0.130526610823 -0.95893079102 0.410917159396 -0.926140606567 -1.07331735904
0.896504867228 -1.0948371256 -0.699819688833 0.896504867228 -1.0948371256 -0.699819688833
3.78622778647 -1.56671831116 -2.78857771106 3.03082314346 -1.89809183277 -2.56154790866
-1.19800106407 -1.28977606201 -5.27995917529 -1.19800106407 -1.28977606201 -5.27995917529
4.62900318623 1.57604926375 3.6315399515 4.89598223907 1.70848172371 3.27105904687
2.52345261101 -2.52699106884 -0.0395367754913 2.30722409667 -2.70415394533 -0.120416672858
0.653176819338 0.649102860903 -0.571563466143 0.733306942228 1.15777513636 -0.466728516256
4.93134304513 -2.19856329754 2.85620769812 4.93134304513 -2.19856329754 2.85620769812
4.05171339185 -0.0981992605947 3.17811743401 4.05171339185 -0.0981992605947 3.17811743401
1.40980875752 0.359834591466 -0.581380372425 1.64651678385 0.0258839440259 0.0379922861593
-1.83427563748 1.08495191229 -0.988929244982 -1.83427563748 1.08495191229 -0.988929244982
-1.75562555226 -1.81568262888 -0.712391354175 -1.75562555226 -1.81568262888 -0.712391354175
-2.42247703374 0.496492827258 1.8476655325 -2.42247703374 0.496492827258 1.8476655325
-1.75329633663 -3.80987627122 1.61046708356 -1.63096677174 -4.16345249663 1.94138024364
-0.79944778826 0.100541222424 0.249837586476 -0.299193041418 0.759775491297 0.00151161515469
1.71968307889 3.00127743399 -1.40783378583 1.71968307889 3.00127743399 -1.40783378583
1.62464800147 3.54886132262 -2.0272029479 1.62464800147 3.54886132262 -2.0272029479
-2.38751017415 -1.94924954776 -3.25445205735 -2.38751017415 -1.94924954776 -3.25445205735
-3.37915885139 1.05285124567 -1.34474360817 -3.37915885139 1.05285124567 -1.34474360817
0.560334103338 -1.13536070313 -1.03055059273 0.463003025496 -0.829153543662 -1.18818953834
-2.1804673308 3.28410882726 -0.652133155412 -2.1804673308 3.28410882726 -0.652133155412
-6.67639746747 3.13253901393 -3.29110201086 -6.67639746747 3.13253901393 -3.29110201086
-3.59794860809 -2.1125578719 0.458137422239 -3.59794860809 -2.1125578719 0.458137422239
0.521171357432 0.365045210934 1.11597459807 0.970498036908 0.241087781206 0.618300887678
-3.69977413419 -2.60234557546 2.34868253448 -3.69977413419 -2.60234557546 2.34868253448
-2.13572050495 5.70471770155 0.833768637177 -2.13572050495 5.70471770155 0.833768637177
-0.825506876667 4.40171289552 0.971126325136 -0.825506876667 4.40171289552 0.971126325136
-0.98763930773 -1.08329782648 1.95849570941 -0.98763930773 -1.08329782648 1.95849570941
-0.409459578574 1.34033749554 3.50723891881 -0.409459578574 1.34033749554 3.50723891881
-0.724467804126 -3.72845952848 -2.24572756656 -0.724467804126 -3.72845952848 -2.24572756656
0.431777247567 -1.31492508301 -0.620997077142 0.365080314697 -1.91403412263 -0.859812628369
-1.09976426549 -2.705169596 -0.0539039480087 -1.09976426549 -2.705169596 -0.0539039480087
-1.9068762523 4.63858275486 -0.718087495793 -1.9068762523 4.63858275486 -0.718087495793
6.22052700772 -1.67726442054 -1.16711017484 6.22052700772 -1.67726442054 -1.16711017484
0.0805880873348 0.959852689581 2.39650349893 0.0805880873348 0.959852689581 2.39650349893
-2.49111978757 -0.206820195161 0.434615441484 -2.49111978757 -0.206820195161 0.434615441484
0.750809946825 1.03510749982 0.0740362303944 0.750809946825 1.03510749982 0.0740362303944
0.22682811466 -0.580521473084 -1.07049417459 0.593226214336 -0.637005045292 -1.16617936693
-3.15816367946 -0.710404708316 -1.40878354651 -3.15816367946 -0.710404708316 -1.40878354651
1.44706692899 0.967837563762 -1.64121209468 1.44706692899 0.967837563762 -1.64121209468
-3.47065179778 -4.42311693765 -3.859192613 -3.47065179778 -4.42311693765 -3.859192613
-0.912056754174 4.42344559762 1.54586513461 -0.912056754174 4.42344559762 1.54586513461
-0.194374103236 3.50711069559 0.056529555043 -0.194374103236 3.50711069559 0.056529555043
0.242387646503 1.07396596348 0.795182651839 0.124327178137 1.0929898234 0.673179286218
0.965902943748 -0.33103781449 -1.08747567916 0.534838709097 -0.428610124011 -0.706487493097
-3.06116788192 -4.1532398474 1.16861983263 -3.06116788192 -4.1532398474 1.16861983263
3.02821959657 -0.474992936483 1.74891883344 3.02821959657 -0.474992936483 1.74891883344
-0.270769594324 1.26829824615 0.3693850425 -0.508291878797 1.10125515899 0.70093370024
0.00480127774624 2.63153659994 -2.27267536094 0.00480127774624 2.63153659994 -2.27267536094
-0.200111651994 2.68446240215 -0.081672358685 -0.177406290182 2.31638428138 -0.263179011552
-1.02814461731 -0.306664822737 1.89427612579 -1.02814461731 -0.306664822737 1.89427612579
0.160759696496 -1.34790802005 2.10048249158 0.288785433026 -1.56222054074 1.85257913741
0.593226214336 -0.637005045292 -1.16617936693 -0.100031044435 -0.507194780283 -0.479005643863
0.342260646054 0.945540564658 -0.439575826598 0.099845279473 0.670421392434 -0.346581606541
2.24030459765 -1.58279260959 -3.3671962123 2.24030459765 -1.58279260959 -3.3671962123
0.832740149532 2.84160749504 1.04517460885 0.832740149532 2.84160749504 1.04517460885
0.0543899609726 -0.63987425195 -2.58672809202 0.121087966174 0.273119542481 -3.05679373538
-5.39012527931 0.892112634795 -3.42619979162 -5.39012527931 0.892112634795 -3.42619979162
2.61345590355 2.94919860805 3.83671944051 2.61345590355 2.94919860805 3.83671944051
-0.0100411507175 -1.06859446829 -7.15744775545 -0.0100411507175 -1.06859446829 -7.15744775545
1.34242014532 0.317052856073 0.0068373221446 1.06434903597 0.524123111298 -0.08568813245
-1.17395531688 1.6593610674 1.96088971607 -1.17395531688 1.6593610674 1.96088971607
-0.695248309565 -1.10649922094 0.561010522373 -0.815386098329 -1.51937007094 0.585079723804
-1.96858593377 0.466180338568 -0.514823298065 -1.96858593377 0.466180338568 -0.514823298065
-0.605468437481 -0.246553800134 0.157708582463 -0.558986829487 -0.455541081189 -0.102412148856
-0.504338960312 -2.4425466422 -1.01984258765 -0.504338960312 -2.4425466422 -1.01984258765
0.384998080546 0.566975490063 0.375862890088 -0.0791962782575 0.97706234647 0.16115770869
-1.70313403122 -0.542909920769 2.54751086028 -1.70313403122 -0.542909920769 2.54751086028
-3.82891711929 1.68547462544 3.26622459002 -3.82891711929 1.68547462544 3.26622459002
-2.98379019016 0.631129345936 -1.29797354435 -2.98379019016 0.631129345936 -1.29797354435
4.05204975702 0.0205465110217 -2.18591895535 4.05204975702 0.0205465110217 -2.18591895535
2.40269297133 4.36674879921 -1.73705021105 2.40269297133 4.36674879921 -1.73705021105
-0.576954134161 -3.46578136261 0.479136150089 -0.576954134161 -3.46578136261 0.479136150089
1.64651678385 0.0258839440259 0.0379922861593 0.280076467243 0.115629418646 -0.609113195287
-0.9463405605 -0.0670088257346 -0.534159856297 -1.60110381664 -0.0975078591526 -0.548944773857
0.871655820996 -0.701562594104 3.40036200591 0.871655820996 -0.701562594104 3.40036200591
0.609259054451 -0.454596992804 -2.74361988251 0.550020105268 -0.394651831434 -2.54623740096
-3.79813182108 3.22634979948 -3.43495879966 -3.79813182108 3.22634979948 -3.43495879966
0.313977248112 0.245013244708 -0.82831415342 0.62232879809 0.0271910379405 -1.33761146325
-0.141881569689 -1.83092407713 1.63715088723 -0.141881569689 -1.83092407713 1.63715088723
0.747913053558 -0.352130372907 2.59982026665 0.747913053558 -0.352130372907 2.59982026665
2.63568029464 2.57160452429 0.566456190537 2.63568029464 2.57160452429 0.566456190537
-2.63155130198 -2.95313530548 0.0310317597174 -2.63155130198 -2.95313530548 0.0310317597174
0.240031698061 -0.52987455739 -0.613242192872 0.0672976080065 -1.07316642322 -0.517042282558
-1.46175785691 -0.243845929836 2.15367182789 -1.46175785691 -0.243845929836 2.15367182789
0.294117302676 -2.04265342029 -0.585817094764 0.294117302676 -2.04265342029 -0.585817094764
-1.74859123499 -1.91653814905 -0.991779913191 -1.74859123499 -1.91653814905 -0.991779913191
-0.815386098329 -1.51937007094 0.585079723804 -0.919548134023 -1.38558158491 0.168130025039
-0.177406290182 2.31638428138 -0.263179011552 -0.200111651994 2.68446240215 -0.081672358685
0.909567289897 4.45187452435 0.581642886341 0.909567289897 4.45187452435 0.581642886341
-3.839742212 4.66043410247 -2.29978407491 -3.839742212 4.66043410247 -2.29978407491
-2.80236319865 -1.2439469304 0.732844949979 -2.80236319865 -1.2439469304 0.732844949979
-0.781974230844 -0.280241903483 -3.82558511862 -0.781974230844 -0.280241903483 -3.82558511862
0.276265348534 0.681268003582 -1.84776604309 0.25790586535 0.631955727663 -1.52975208319
0.293943249303 -3.60184729047 3.03821814409 0.293943249303 -3.60184729047 3.03821814409
3.81977348139 0.0952237938604 2.29734199068 3.81977348139 0.0952237938604 2.29734199068
1.45448271685 -1.47803508918 -0.293883283335 1.38885019176 -1.50245351551 -0.192051266034
-2.62724988566 0.567970447327 -3.175545226 -2.62724988566 0.567970447327 -3.175545226
-1.86321483039 1.29254078859 4.38684694764 -1.86321483039 1.29254078859 4.38684694764
1.06434903597 0.524123111298 -0.08568813245 0.82998361988 0.156380287299 0.158937392931
0.548099026531 1.14491688631 0.0307838785065 1.08680745244 0.159626882675 0.384413255952
-1.03863676952 -0.731042728824 -1.6938685388 -0.69648546973 -0.55615441615 -1.8755476263
0.970498036908 0.241087781206 0.618300887678 0.534161170073 0.393694168885 0.530483987938
1.86347372811 -0.372090557108 -3.33448869898 1.29348997104 -0.627423613363 -3.87557089593
0.0948911741424 2.4875360329 -0.757265976882 0.0948911741424 2.4875360329 -0.757265976882
1.38885019176 -1.50245351551 -0.192051266034 1.51851676926 -0.971812456031 0.254483324023
-0.849060918053 2.00965897464 3.56989109669 -0.849060918053 2.00965897464 3.56989109669
-0.126893367493 -1.89009885113 0.268225757062 -0.0120357525005 -1.33690163875 0.784418186479
-0.67466071405 -0.10992116109 -0.227499972677 -0.820889772122 0.0389423923093 0.0337297257354
-2.07687239335 -1.88551858168 -0.256406334218 -2.07687239335 -1.88551858168 -0.256406334218
2.29384858867 -5.16375921757 -1.23952615207 2.29384858867 -5.16375921757 -1.23952615207
-0.562665193577 2.09333516965 -0.194325909396 -0.549698883244 1.54558626418 -0.299315174121
-1.47777779482 -1.29658915557 -0.977400278619 -1.47777779482 -1.29658915557 -0.977400278619
0.192631529491 5.36451495392 1.97711367762 0.192631529491 5.36451495392 1.97711367762
3.1309991776 -1.98314521591 -2.89438219334 3.51961963996 -1.98438826434 -2.54187304952
2.54902366894 -2.61026323007 -2.60325855697 2.54902366894 -2.61026323007 -2.60325855697
1.4562694906 -1.22579955297 -0.13305325597 0.930817489392 -1.49153300282 0.0625621059498
0.114986199333 1.21786365857 -0.607830325341 0.288515706236 1.42418661164 -0.798475367726
-3.10752884509 2.49226294789 1.39481686593 -3.10752884509 2.49226294789 1.39481686593
-2.08866004935 -2.04811101383 -4.36574733642 -2.08866004935 -2.04811101383 -4.36574733642
1.09603737197 -0.138000518148 -2.95847808023 1.09603737197 -0.138000518148 -2.95847808023
-0.69648546973 -0.55615441615 -1.8755476263 -0.829827269832 -0.531412125636 -1.22597459246
-0.753165479224 -0.0415671004031 3.48567905989 -0.753165479224 -0.0415671004031 3.48567905989
3.64381010284 -0.937480744546 -4.81459090959 3.64381010284 -0.937480744546 -4.81459090959
2.13389473256 0.548785112388 -2.69167035824 1.9927770371 0.488102115835 -2.5484988562
0.288515706236 1.42418661164 -0.798475367726 0.253034926271 1.29610242438 -0.830265665423
-0.547896820963 -1.25014360152 0.578213831898 -0.695248309565 -1.10649922094 0.561010522373
1.84722223637 -3.78197782934 0.346519702887 1.84722223637 -3.78197782934 0.346519702887
-0.206529427524 -1.3149872484 -0.399830097567 -0.117479051767 -1.0018553053 -0.627113884812
1.94329272048 1.80405043397 0.761093542004 1.94329272048 1.80405043397 0.761093542004
3.17116732736 -0.0752399263677 1.07938079975 3.17116732736 -0.0752399263677 1.07938079975
-0.558986829487 -0.455541081189 -0.102412148856 -1.43987252348 -0.341581199535 -0.349479386504
1.9927770371 0.488102115835 -2.5484988562 2.13389473256 0.548785112388 -2.69167035824
0.616565860252 2.30144488228 6.41915259785 0.616565860252 2.30144488228 6.41915259785
-0.431095157204 -0.340695247467 -2.49216540789 -0.431095157204 -0.340695247467 -2.49216540789
-1.86188855929 3.61249288152 0.921330533847 -1.86188855929 3.61249288152 0.921330533847
-0.507866703143 1.34690120927 -2.05271568619 -0.507866703143 1.34690120927 -2.05271568619
-1.76714951569 -3.74414819066 -2.82219339685 -1.76714951569 -3.74414819066 -2.82219339685
-1.75054603187 -4.13795110908 -0.297847328573 -1.75054603187 -4.13795110908 -0.297847328573
-1.19425997061 -2.72324024343 0.552149636949 -1.19425997061 -2.72324024343 0.552149636949
-2.59248585705 -0.971562103732 -2.02947880327 -2.51194283103 -0.688154734918 -2.10635269865
-0.10923380205 1.74479806339 -2.95404169008 -0.10923380205 1.74479806339 -2.95404169008
-0.549698883244 1.54558626418 -0.299315174121 -0.78709137194 1.73011185385 -0.390034041094
-1.80892128014 1.24103002387 -0.827720431366 -1.80892128014 1.24103002387 -0.827720431366
2.18278397817 2.55341533329 2.27636266572 2.18278397817 2.55341533329 2.27636266572
-0.667028722533 -1.86031715347 -2.54644152427 -0.667028722533 -1.86031715347 -2.54644152427
-3.21575687093 -2.38241587429 -0.286731556643 -3.10313127946 -2.35538391933 -0.417276163288
0.193978937875 -0.49282830445 -2.74507360395 0.193978937875 -0.49282830445 -2.74507360395
-0.768918985856 -5.39076266857 -0.422596750487 -0.768918985856 -5.39076266857 -0.422596750487
0.492022359797 -0.346008445393 -0.437466672659 0.303091902911 -0.366295144483 -0.49987479278
-1.06500252772 -1.48101597295 -1.26572827525 -1.06500252772 -1.48101597295 -1.26572827525
1.37922300158 0.49941136688 0.445675376194 1.34242014532 0.317052856073 0.0068373221446
4.14653903032 1.11182783861 1.04999271895 3.24574052069 1.98513173858 0.896557143043
-3.982706223 -1.97433063865 1.35129462868 -3.982706223 -1.97433063865 1.35129462868
0.821640314673 2.3436615474 -1.93787188399 0.821640314673 2.3436615474 -1.93787188399
0.857692032158 1.20877177257 0.0605393657338 0.857692032158 1.20877177257 0.0605393657338
-4.19775661135 0.5666999415 3.38150501406 -4.19775661135 0.5666999415 3.38150501406
-0.829827269832 -0.531412125636 -1.22597459246 -1.08170924564 -0.117362408393 -1.51074283721
1.51851676926 -0.971812456031 0.254483324023 1.45448271685 -1.47803508918 -0.293883283335
-0.343720914706 3.52505595236 -1.99669400221 -0.343720914706 3.52505595236 -1.99669400221
0.463003025496 -0.829153543662 -1.18818953834 0.779876206708 -0.582752018556 -0.886335609165
0.253034926271 1.29610242438 -0.830265665423 -0.0238614400965 0.787696488908 -0.133245464181
-6.56335281872 -2.01729668372 -2.31049358294 -6.56335281872 -2.01729668372 -2.31049358294
-1.42513162809 -1.59448628515 1.37531394664 -1.42513162809 -1.59448628515 1.37531394664
1.66885257618 -0.459808278721 1.61383333228 1.66885257618 -0.459808278721 1.61383333228
0.280076467243 0.115629418646 -0.609113195287 0.653176819338 0.649102860903 -0.571563466143
-1.43987252348 -0.341581199535 -0.349479386504 -1.48685575433 -0.958525647531 -0.971763762817
-1.60110381664 -0.0975078591526 -0.548944773857 -0.9463405605 -0.0670088257346 -0.534159856297
-0.897814309942 -0.914629136145 1.17741594317 -0.897814309942 -0.914629136145 1.17741594317
0.702847274482 -0.268098964876 -1.24715838966 0.980064736017 0.000892936861304 -1.77807290778
-0.988699705035 -0.514103880348 -0.965444811458 -1.03863676952 -0.731042728824 -1.6938685388
1.61608719025 -1.89652024083 -3.81145288759 1.61608719025 -1.89652024083 -3.81145288759
-0.786092558566 -7.42142780402 1.34388497443 -0.786092558566 -7.42142780402 1.34388497443
2.5439314864 -2.62595767094 -0.0902431009043 2.5439314864 -2.62595767094 -0.0902431009043
1.7391730812 2.84921123881 5.14771295712 1.7391730812 2.84921123881 5.14771295712
0.25790586535 0.631955727663 -1.52975208319 0.337039977318 1.06804435824 -1.64973716709
-1.65322407832 0.358211174069 -1.0733098499 -1.64107939728 -0.167121495757 -0.673704909951
-3.36756727433 0.599467002724 -0.0255045895738 -3.3028961676 0.589030699136 0.00911206357883
0.124327178137 1.0929898234 0.673179286218 -0.270769594324 1.26829824615 0.3693850425
0.103080065019 1.63316708648 1.02152414923 0.103080065019 1.63316708648 1.02152414923
1.63180174867 2.19155447108 -1.33644410725 1.53711128433 1.74906137308 -1.10502495869
-3.210330315 -0.56192565338 -0.597211161118 -3.210330315 -0.56192565338 -0.597211161118
-1.8526256335 -2.05424899303 -1.11619777344 -1.8526256335 -2.05424899303 -1.11619777344
-0.286161512505 3.68688450305 0.594478673997 -0.286161512505 3.68688450305 0.594478673997
4.57181313519 3.49371603276 -1.70695123238 4.57181313519 3.49371603276 -1.70695123238
3.24574052069 1.98513173858 0.896557143043 3.7515675858 1.41506665883 0.840690554266
0.535576246179 -3.45929802185 -0.264314665308 0.535576246179 -3.45929802185 -0.264314665308
-1.73791383721 -3.16426190992 0.384347292121 -1.73791383721 -3.16426190992 0.384347292121
-2.63339303768 1.92232838012 2.16577496266 -2.63339303768 1.92232838012 2.16577496266
-4.03040365661 -4.80676162758 -1.4969310465 -4.03040365661 -4.80676162758 -1.4969310465
1.69337650129 1.13145343374 4.59039795795 1.69337650129 1.13145343374 4.59039795795
0.589005185088 -1.38336578612 -0.0274736928672 0.589005185088 -1.38336578612 -0.0274736928672
-0.149961620402 -1.11601681225 -1.2993975438 0.081066388874 -1.06218948086 -1.19831061051
1.30595353462 2.62517664095 -0.734168211926 1.30595353462 2.62517664095 -0.734168211926
-0.425184629106 -0.772765629102 -0.190695253972 -0.527890685766 -0.400021883876 0.646254875525
1.06755818623 1.54561747807 -4.87661584456 1.06755818623 1.54561747807 -4.87661584456
0.030482882478 0.844260980124 1.04722558901 0.521171357432 0.365045210934 1.11597459807
4.52725909218 5.32879749214 -4.03688661647 4.52725909218 5.32879749214 -4.03688661647
0.238347184456 0.886959358255 -0.660894518872 0.238347184456 0.886959358255 -0.660894518872
0.081066388874 -1.06218948086 -1.19831061051 0.152136427888 -0.512946818536 -0.692639292671
-0.527890685766 -0.400021883876 0.646254875525 -0.425184629106 -0.772765629102 -0.190695253972
1.73701227101 -1.23345350127 5.64821604308 1.73701227101 -1.23345350127 5.64821604308
0.779876206708 -0.582752018556 -0.886335609165 0.18169984592 -0.669736875154 -0.184186928166
-0.78709137194 1.73011185385 -0.390034041094 -0.562665193577 2.09333516965 -0.194325909396
1.35422009275 0.511143561925 0.561548524336 1.35422009275 0.511143561925 0.561548524336
-3.3028961676 0.589030699136 0.00911206357883 -3.21573420508 0.100608818042 -0.0975994314172
2.26905412155 -2.82621947215 2.30937281901 2.26905412155 -2.82621947215 2.30937281901
-0.0643552080252 2.77239158642 2.83125531501 -0.0643552080252 2.77239158642 2.83125531501
-0.263238791149 3.99775196061 -1.83191215821 -0.263238791149 3.99775196061 -1.83191215821
1.07901525051 -0.699333679434 1.64234020205 1.07901525051 -0.699333679434 1.64234020205
1.08680745244 0.159626882675 0.384413255952 0.873693842885 -0.121919914184 -0.402009261423
-3.21573420508 0.100608818042 -0.0975994314172 -3.36756727433 0.599467002724 -0.0255045895738
1.93820255202 -4.38007128331 -1.79002972147 1.93820255202 -4.38007128331 -1.79002972147
0.317041877225 0.359054120197 -0.0836910515809 0.0665913670831 0.235925442624 0.593033782521
0.425873667147 1.13322679483 -0.171154362241 0.595672399892 1.09565557537 -0.551031243631
4.30599610936 -3.16178400489 -2.16352603915 4.30599610936 -3.16178400489 -2.16352603915
3.72036871363 1.16127615539 0.805717169045 4.14653903032 1.11182783861 1.04999271895
3.74840178219 -4.95121903054 1.54595183926 3.74840178219 -4.95121903054 1.54595183926
0.140819608048 -2.92072555262 -1.44494493475 0.140819608048 -2.92072555262 -1.44494493475
1.11927418657 -0.108781383973 -2.47634674902 0.609259054451 -0.454596992804 -2.74361988251
0.152136427888 -0.512946818536 -0.692639292671 -0.146211315305 0.0174517489893 -0.42901747646
-0.199167271216 -0.50310238333 -0.188772786291 -0.441015527294 -0.00469192083056 -0.0532596332411
0.0672976080065 -1.07316642322 -0.517042282558 0.22682811466 -0.580521473084 -1.07049417459
2.31388877076 -1.86930121262 -0.340129648101 2.31388877076 -1.86930121262 -0.340129648101
0.247114241063 5.17541624435 1.24895192429 0.159517853602 4.92702017868 1.25717806863
-0.256240332724 2.01069439178 -0.879522391576 -0.256240332724 2.01069439178 -0.879522391576
-0.528797669115 -2.01229202275 0.0192360736971 -0.528797669115 -2.01229202275 0.0192360736971
4.5739374513 6.37615481784 -1.63128283548 4.5739374513 6.37615481784 -1.63128283548
3.02828730587 -2.35287371026 1.98979587286 3.02828730587 -2.35287371026 1.98979587286
-1.01275067886 0.294601189074 0.755774926213 -1.01275067886 0.294601189074 0.755774926213
-0.284537805595 -1.94849873508 -1.53673682638 -0.0688991451789 -2.17876458196 -1.45084340537
-3.39601038114 -2.25636990275 0.608033480582 -3.39601038114 -2.25636990275 0.608033480582
-0.90041272398 -1.60539155551 -0.375772266592 -0.90041272398 -1.60539155551 -0.375772266592
-2.17974181549 -1.35467009128 -1.14879996123 -2.17974181549 -1.35467009128 -1.14879996123
2.10554459183 2.43495895363 -1.99325109337 2.10554459183 2.43495895363 -1.99325109337
0.285636137728 6.70535452145 -3.01057733499 0.285636137728 6.70535452145 -3.01057733499
-0.186313107119 1.06708369627 -2.97042361543 0.176110650324 1.11951659084 -2.65997117955
-2.25880101436 4.0909729743 3.18343232909 -2.25880101436 4.0909729743 3.18343232909
-1.67958326811 -2.29834123552 6.50538740625 -1.67958326811 -2.29834123552 6.50538740625
1.99654902411 0.563254470975 1.87033260139 1.99654902411 0.563254470975 1.87033260139
3.31019717869 -1.18957290769 3.93938575859 3.31019717869 -1.18957290769 3.93938575859
-0.309724547164 0.313985710781 -0.00444844151077 0.137368807795 0.605095054829 -0.0915051679461
4.54151659898 4.69203327185 2.98193446548 4.54151659898 4.69203327185 2.98193446548
-2.36303288698 2.16329354386 -2.37265671851 -2.36303288698 2.16329354386 -2.37265671851
3.7515675858 1.41506665883 0.840690554266 3.72036871363 1.16127615539 0.805717169045
0.783893302716 0.742882893928 0.441433436945 0.783893302716 0.742882893928 0.441433436945
0.650430198942 -2.50664365253 0.523990511563 0.650430198942 -2.50664365253 0.523990511563
0.276686845553 -0.542235913592 -0.0568815966053 0.276686845553 -0.542235913592 -0.0568815966053
-2.86109076785 3.91981349635 6.12455286214 -2.86109076785 3.91981349635 6.12455286214
4.04922649098 -2.4100286275 -1.8588130193 4.04922649098 -2.4100286275 -1.8588130193
2.80708193845 -3.47774002702 -0.414190073603 2.80708193845 -3.47774002702 -0.414190073603
2.15296261058 0.80725840283 -1.82980136902 2.15296261058 0.80725840283 -1.82980136902
0.985044356551 -1.87425202844 2.52544905158 0.985044356551 -1.87425202844 2.52544905158
0.0665913670831 0.235925442624 0.593033782521 0.0533190424812 0.382280774881 0.149889346222
0.337039977318 1.06804435824 -1.64973716709 0.276265348534 0.681268003582 -1.84776604309
-0.131464593145 -1.28599417439 2.50292546158 0.160759696496 -1.34790802005 2.10048249158
0.62232879809 0.0271910379405 -1.33761146325 0.965902943748 -0.33103781449 -1.08747567916
-3.01491932158 4.88198179947 0.996653602302 -3.01491932158 4.88198179947 0.996653602302
3.24460067051 1.5568829864 3.15679188281 3.24460067051 1.5568829864 3.15679188281
2.12315960159 1.68340237128 -0.796721739534 2.12315960159 1.68340237128 -0.796721739534
2.35484790691 -2.38325682188 2.09907731251 2.35484790691 -2.38325682188 2.09907731251
-0.0688991451789 -2.17876458196 -1.45084340537 0.560334103338 -1.13536070313 -1.03055059273
0.978561987529 -0.944293760301 2.67191022365 0.978561987529 -0.944293760301 2.67191022365
0.189463134305 -2.38541999965 2.55858772709 0.189463134305 -2.38541999965 2.55858772709
1.66019442452 0.0669380020039 -1.13758920216 1.66019442452 0.0669380020039 -1.13758920216
1.30562720969 3.78330255057 2.96601774115 1.30562720969 3.78330255057 2.96601774115
0.667141298332 -1.44658476152 3.34703585784 0.667141298332 -1.44658476152 3.34703585784
-0.92425457076 1.86813862376 -0.0551905020945 -0.760737663421 1.76418442115 0.00311240104714
0.643232084749 2.51299120741 0.927174664722 0.643232084749 2.51299120741 0.927174664722
4.66749191499 -3.50747865928 -0.600867267784 4.66749191499 -3.50747865928 -0.600867267784
0.817622659271 -1.2792913944 0.700615078691 0.924398937069 -1.34200599704 0.687525579874
0.156459236177 -1.11954604664 -1.04371762862 -0.149961620402 -1.11601681225 -1.2993975438
1.21689370517 4.34615670216 5.8933901907 1.21689370517 4.34615670216 5.8933901907
-2.51194283103 -0.688154734918 -2.10635269865 -2.28474960095 -0.446318124752 -2.28946337212
3.17972337794 1.35924935639 1.11784332563 3.17972337794 1.35924935639 1.11784332563
-1.22365532856 1.98900165338 3.01035022668 -1.22365532856 1.98900165338 3.01035022668
1.19013748439 -4.58044716364 -0.72458880003 1.19013748439 -4.58044716364 -0.72458880003
0.410917159396 -0.926140606567 -1.07331735904 0.492914434998 -0.722754995316 -1.12470319549
-0.602944743239 -2.53264985271 0.411545831414 -0.602944743239 -2.53264985271 0.411545831414
0.847305723084 -2.4414284992 -2.78249180944 0.847305723084 -2.4414284992 -2.78249180944
2.36743162438 -1.50954630644 -1.0562711484 2.45231499608 -1.43019411173 -1.23786868201
-0.883032418162 2.34716181128 1.67103065343 -0.883032418162 2.34716181128 1.67103065343
0.550020105268 -0.394651831434 -2.54623740096 1.11927418657 -0.108781383973 -2.47634674902
1.20830331082 -0.792648742016 2.20294834105 1.20830331082 -0.792648742016 2.20294834105
1.29348997104 -0.627423613363 -3.87557089593 1.86347372811 -0.372090557108 -3.33448869898
3.54792137975 -0.140693966036 -2.61682378059 3.54792137975 -0.140693966036 -2.61682378059
-3.1617807759 -0.158942070375 0.175421930091 -3.1617807759 -0.158942070375 0.175421930091
-0.041880384561 2.07797979159 1.55180910356 -0.041880384561 2.07797979159 1.55180910356
-1.61848778871 2.92876683544 -0.305047471814 -1.61848778871 2.92876683544 -0.305047471814
-1.63589420964 0.339816305829 3.03846249591 -1.63589420964 0.339816305829 3.03846249591
-1.4760787411 1.2863501078 -0.567999884116 -1.4760787411 1.2863501078 -0.567999884116
-2.90694823697 1.1942940226 0.0768659178866 -2.90694823697 1.1942940226 0.0768659178866
-1.92090313829 -4.30755837812 -4.61355211602 -1.92090313829 -4.30755837812 -4.61355211602
-0.600497626391 -1.67141237143 -0.761958038149 -0.600497626391 -1.67141237143 -0.761958038149
