1.49016693606 -2.59072413688 0.245658225098 1.49016693606 -2.59072413688 0.245658225098
2.16549674733 -1.11890545943 4.00420402665 2.16549674733 -1.11890545943 4.00420402665
-2.01184466945 -2.52565768798 -0.313575173597 -2.01184466945 -2.52565768798 -0.313575173597
-1.47433620786 1.07016818595 0.902292107052 -1.47433620786 1.07016818595 0.902292107052
-1.82621977536 -0.200699459645 1.00904714592 -1.82621977536 -0.200699459645 1.00904714592
2.77736317462 -1.1157774823 1.82524769689 2.77736317462 -1.1157774823 1.82524769689
-1.8394564679 1.25293267542 2.15056650245 -1.8394564679 1.25293267542 2.15056650245
3.11437795621 -0.0685810674434 2.69349137289 3.11437795621 -0.0685810674434 2.69349137289
0.201925764506 -0.20423472397 0.0118198181688 0.201925764506 -0.20423472397 0.0118198181688
0.160117343053 1.22826294412 2.34409147374 0.160117343053 1.22826294412 2.34409147374
3.20230055408 -0.383490080517 -3.03776302642 2.92578945142 -1.20487276568 -3.2575148223
-0.692799222638 -2.72828048085 0.919859176436 -0.692799222638 -2.72828048085 0.919859176436
-0.805721860906 -0.452169133245 -1.79314673776 -0.762671738181 -0.372092965881 -1.85603397403
1.65310335917 2.49838520837 -2.03318042692 1.65310335917 2.49838520837 -2.03318042692
-3.00301103877 -0.369161927733 3.19690488613 -3.00301103877 -0.369161927733 3.19690488613
3.6522731309 -0.649562982838 0.383991945286 3.6522731309 -0.649562982838 0.383991945286
-0.917700749523 -0.0816030205235 -1.58953773938 -0.857965389839 -0.1635030263 -1.54338059249
-0.35954870392 0.30160875956 -1.21933191681 -0.844961645456 0.327795624023 -0.788944165086
-2.98388099971 -0.261041218779 -1.93196640274 -2.98388099971 -0.261041218779 -1.93196640274
-0.359426951994 0.836919686557 -1.08131581585 -0.0836735413131 0.941353612607 -1.28541676606
1.91201320669 -0.141692668649 1.08862870403 1.91201320669 -0.141692668649 1.08862870403
2.55485666692 -0.0123097545841 2.03357315869 2.55485666692 -0.0123097545841 2.03357315869
1.37750631327 -0.0218704026695 -0.935813844583 1.37750631327 -0.0218704026695 -0.935813844583
-1.68880814877 3.31712483941 -0.0359406872388 -1.68880814877 3.31712483941 -0.0359406872388
1.40409688334 -0.223979545742 0.992098859508 1.40409688334 -0.223979545742 0.992098859508
-0.409138541503 -0.684422057287 0.406775556167 -1.29285197168 -0.348570485798 -0.206945065537
4.22527206689 -1.10656424178 -0.179779242079 4.22527206689 -1.10656424178 -0.179779242079
-0.141801877569 0.750824629759 2.42215267476 -0.141801877569 0.750824629759 2.42215267476
-1.29285197168 -0.348570485798 -0.206945065537 -0.985292858422 -0.180954681793 0.388282313297
1.7894497526 0.587010207567 2.73502354822 1.7894497526 0.587010207567 2.73502354822
-1.43475502797 0.611085457217 -1.21530260499 -1.43475502797 0.611085457217 -1.21530260499
-0.503458445748 -1.25664155472 -1.2568527506 -0.503458445748 -1.25664155472 -1.2568527506
-1.65799885959 -2.52106306324 0.942799576665 -1.65799885959 -2.52106306324 0.942799576665
2.21071054682 0.213625381921 2.67206557286 2.21071054682 0.213625381921 2.67206557286
2.92578945142 -1.20487276568 -3.2575148223 3.20230055408 -0.383490080517 -3.03776302642
1.37871975072 -0.818164925213 0.822935766901 1.37871975072 -0.818164925213 0.822935766901
-0.236383173732 -0.401758209802 0.856377747059 -0.236383173732 -0.401758209802 0.856377747059
-2.7138287471 2.40258102838 0.287163215922 -2.7138287471 2.40258102838 0.287163215922
-0.259629904478 -0.346307349552 0.0357976792646 -0.409138541503 -0.684422057287 0.406775556167
1.28313854738 -0.151131109929 0.161562154921 1.28313854738 -0.151131109929 0.161562154921
0.997376813336 -0.692876145579 1.21668582873 0.997376813336 -0.692876145579 1.21668582873
0.0559007668297 -1.20954586479 -0.956372064624 0.0559007668297 -1.20954586479 -0.956372064624
0.176299203057 2.76370219289 -0.978891952043 0.176299203057 2.76370219289 -0.978891952043
3.44352080011 2.44069175887 1.58325914167 3.44352080011 2.44069175887 1.58325914167
0.187146612299 -1.54239668182 1.96007272946 0.187146612299 -1.54239668182 1.96007272946
0.752566993356 -2.00753465211 -0.366581073646 0.752566993356 -2.00753465211 -0.366581073646
-0.844961645456 0.327795624023 -0.788944165086 -0.359426951994 0.836919686557 -1.08131581585
-3.16779524317 -1.491613359 -0.0411466910327 -3.16779524317 -1.491613359 -0.0411466910327
1.54168806754 1.72101479138 -1.76553011717 1.54168806754 1.72101479138 -1.76553011717
-2.06519695652 0.422347019735 -1.52551183265 -2.06519695652 0.422347019735 -1.52551183265
1.01017348482 -2.32929460688 1.24594380663 1.01017348482 -2.32929460688 1.24594380663
-0.857965389839 -0.1635030263 -1.54338059249 -0.805721860906 -0.452169133245 -1.79314673776
0.470736819976 1.59119580662 -0.125386058363 0.470736819976 1.59119580662 -0.125386058363
-0.650111641231 1.42687894948 -2.77713356189 -0.650111641231 1.42687894948 -2.77713356189
2.87076471997 2.70366632758 0.0402766381238 2.87076471997 2.70366632758 0.0402766381238
-0.930340789352 -0.591489493317 -0.605473259884 -0.930340789352 -0.591489493317 -0.605473259884
-0.985292858422 -0.180954681793 0.388282313297 -0.259629904478 -0.346307349552 0.0357976792646
0.56568346764 -2.85410183034 3.57363924735 0.56568346764 -2.85410183034 3.57363924735
0.885064586875 -3.2143674531 2.5438150375 0.885064586875 -3.2143674531 2.5438150375
-0.815945203745 2.68609458546 1.84578329602 -0.815945203745 2.68609458546 1.84578329602
-2.7284113284 3.21783656256 1.81953906115 -2.7284113284 3.21783656256 1.81953906115
-0.209027563719 1.14590409843 -0.972633294264 -0.209027563719 1.14590409843 -0.972633294264
-0.0836735413131 0.941353612607 -1.28541676606 -0.35954870392 0.30160875956 -1.21933191681
-0.762671738181 -0.372092965881 -1.85603397403 -0.917700749523 -0.0816030205235 -1.58953773938
