0.098962538625 0.11487864164
0.0909995287669 0.256114685383
0.103793706152 0.391490504029
0.997938567652 0.462694613723
0.0135973763515 0.592081262252
0.0637826420685 0.708577090915
0.0934457112239 0.846713565812
0.0992884820254 0.978831214126
0.204497724919 0.0454970992406
0.199399294916 0.185455106554
0.20960524886 0.313959882506
0.217968026581 0.442998760344
0.118938226255 0.521984425791
0.167302617234 0.636452383536
0.181922879148 0.763506023748
0.203157401896 0.895758159547
0.321286096672 0.0784680958723
0.320035049597 0.225481409228
0.328155284485 0.386073560868
0.38068143478 0.500028338935
0.273591863907 0.566128859329
0.308829409351 0.823870343455
0.423559518908 0.883057336587
0.326237709529 0.953029548817
0.424178551204 0.147446224378
0.427497709947 0.278943093632
0.495257885187 0.45522933869
0.394531147429 0.630643868888
0.276314350415 0.688809392678
0.409963550141 0.759595278242
0.541718829969 0.937629114704
0.43585703604 0.0119595310518
0.660066098751 0.144449045013
0.530223377595 0.204287730961
0.540963269533 0.341444464899
0.560223665971 0.565071337871
0.512400340001 0.679560999439
0.524716276666 0.811536679859
0.649091327399 0.00992383617882
0.552362003313 0.0815770277993
0.768774181001 0.0521693892726
0.766424260208 0.203203561717
0.663650392489 0.294214471617
0.662303475194 0.42071203486
0.688463317497 0.55469118449
0.675350492043 0.67402692207
0.652162757656 0.799467638189
0.740415043173 0.909316861922
0.878596858947 0.115492020956
0.888879412116 0.245953630756
0.781774532598 0.345600387806
0.779787813033 0.474258741129
0.792691716801 0.615693443354
0.795050575312 0.735532023322
0.856615480538 0.862961757622
0.874389499898 0.99218594919
0.989810733208 0.0535130862356
0.993941469119 0.174208597649
0.988389583306 0.327775611796
0.882840450828 0.41331373603
0.896123608106 0.551243324833
0.906589719894 0.671428041971
0.951457811004 0.783399457193
0.977355970772 0.901501055688
