0.0781350227463 0.801625959519
0.680413504676 0.787849801637
0.0294322223296 0.598839463252
0.506890504357 0.227121289846
0.326031281094 0.722194512211
0.765181138408 0.308679623595
0.183092598977 0.291265433467
0.543331236816 0.334486477249
0.456006167662 0.30486909975
0.469938252176 0.429192515913
0.96805740034 0.707758424728
0.0957528194572 0.445894264722
0.255026066977 0.353777595918
0.17075185258 0.849295100906
0.799506806191 0.827572111496
0.295401504391 0.503825873213
0.93068062961 0.5581541108
0.230870041106 0.774333776808
0.622365289271 0.949253738045
0.0288503916539 0.0759072598358
0.704341666851 0.900738145255
0.866663479054 0.276301208007
0.0983789179771 0.158617558061
0.499184499741 0.955953410892
0.697009035598 0.232927949492
0.498745827015 0.838198615095
0.617329889352 0.856850134536
0.965458249801 0.338552000026
0.287479392662 0.238552158713
0.443910663506 0.757066109885
0.868171967566 0.734744440112
0.843161696876 0.607491704399
0.186933542279 0.456306998145
0.637684134093 0.310324140772
0.416555768211 0.0759541159497
0.597380853517 0.504951171133
0.57080284952 0.696097020687
0.137000633122 0.974570942621
0.605122949785 0.215171404848
0.97844143769 0.823804335813
0.368398515255 0.985062478254
0.176716223 0.672427248883
0.719221159135 0.398997973279
0.837847491696 0.488504497834
0.400783216019 0.593423888906
0.890916011012 0.861255046449
0.11860016306 0.565229948136
0.615058114072 0.611637541699
0.789767268523 0.161083971756
0.995574836496 0.192568699295
0.854918347231 0.380417784599
0.265107576691 0.641442496491
0.0944486254514 0.251065674805
0.711532862438 0.584219530571
0.497893716134 0.522951426701
0.29969968353 0.118975203557
0.829067531158 0.0466911767949
0.0520674634522 0.928069509668
0.934238450475 0.0706098714441
0.355815971485 0.377021848399
0.595767091357 0.0895078903434
0.701532642049 0.693851195916
0.0677089994574 0.700643985425
0.394978224336 0.855274436554
